,A4,A35,A58,A63,A89,A94,A36,A42,A47,A59,A75,A98,A40,A51,A57,A2,A28,A85,A95,A7,A12,A13,A31,A50,A53,A96,A22,A44,A46,A64,A99,A17,A21,A41,A72,A88,A92,A15,A16,A23,A70,A8,A20,A49,A71,A78,A87,A100,A55,A62,A68,A5,A24,A27,A48,A74,A77,A82
A4,0.0,0.23412885861788257,0.2695628592631565,0.26530340514657524,0.2762040132919852,0.3955202536640632,0.28413372021548766,0.265451835303277,0.30134948234479775,0.33264465177667024,0.31139666306444824,0.3836242096714342,0.304043755255589,0.2444427341963108,0.332464395556487,0.26733358709739885,0.3592988991922239,0.2991777026850395,0.31059198283078604,0.3235714409941123,0.23343188280809457,0.34614861557438303,0.3319621750757903,0.3432788895564939,0.2839196295971086,0.4208922557981014,0.2949507338353162,0.3556762164471521,0.3277971971186091,0.3174690371420018,0.25885287874103846,0.2685352891549482,0.2441059903528111,0.2561278093049342,0.35508870897456546,0.3726442076645762,0.2862176888158642,0.27373977156255,0.3463921023396819,0.28788068295170466,0.29753809418922295,0.3013549885528315,0.25590124295256467,0.3120047910005247,0.3197433226541645,0.2825382816219977,0.31182311355064274,0.2514721484629414,0.3149486197046839,0.2542376088460454,0.24872783461310422,0.23362658767088929,0.35852157640833016,0.21037212087652113,0.2991872872885811,0.3203480289940467,0.28864483483281855,0.25221630464855405
A35,0.23412885861788257,0.0,0.1669218525347005,0.26551627190026283,0.23932284566170192,0.29317116894585227,0.21846536152362495,0.21450662471309723,0.253166555604846,0.2593194814963298,0.16759554691640344,0.40325273577152443,0.22879639360471848,0.3265595498039042,0.21693860801338904,0.2024242582694441,0.3185970722941759,0.33584375895828866,0.2069760569085557,0.22707978501405923,0.24826419412083944,0.2844340097991158,0.27475387164411014,0.24843948927311288,0.3160033362842882,0.35457757807841384,0.20239995901272156,0.25484493644872097,0.1858914619997586,0.16380144781905592,0.23545974379536205,0.2752030573580908,0.2746695485153724,0.2735370167866825,0.2608530607642279,0.27863751953975735,0.22947016032906054,0.2898213358915328,0.31413727355925103,0.29282403429181814,0.23488995254249678,0.29277220162458295,0.21476919631337055,0.22321209934604325,0.26563341237467275,0.272066775164831,0.35596988068557645,0.16853280781765467,0.23440103121254174,0.20485542731188866,0.21761898062595642,0.2085332512725595,0.2315523302263851,0.2704457731269808,0.2238622666386506,0.2204299229435911,0.229164500312094,0.21513152356732812
A58,0.2695628592631565,0.1669218525347005,0.0,0.2305570282810141,0.25263043777912264,0.32277719270034544,0.22516225809050538,0.23135965395983438,0.27337665458308524,0.30735752516501036,0.26871761162255803,0.45107651966248175,0.20190312609743988,0.3571329471898512,0.22516624729189716,0.2620152368379449,0.42070454197442797,0.35869662913387435,0.22629923156554743,0.24960876544156785,0.29820092510563,0.2643933179982647,0.2846134299648131,0.2604119944904676,0.43580962468509554,0.40187407244546614,0.23098514380091228,0.3174629859304958,0.2504603245063127,0.209810483485543,0.3165931222450339,0.3400795557849762,0.3500603922626192,0.32173873278381493,0.2540855828613914,0.26080115682001637,0.24865173378381278,0.3094955132261862,0.32112202272239165,0.3155506821748122,0.2690940709957973,0.3488053402936788,0.27075504028388275,0.27285824314120255,0.2875514688186952,0.31967008415311604,0.3278998807273047,0.19365455921388697,0.3588099809852793,0.19680739278599202,0.17139021176329938,0.27286805900878,0.22956129786902935,0.2728409578075901,0.16151755708194637,0.2331523643235619,0.27221745296532285,0.23350851540988604
A63,0.26530340514657524,0.26551627190026283,0.2305570282810141,0.0,0.3187716044772836,0.3578481373847848,0.26445145015798643,0.20047130612122088,0.3654257289489208,0.3413602654210073,0.287131529731972,0.4668719439559307,0.20440575778134173,0.3647726348470197,0.22573265365544792,0.25483379348591806,0.45751487852750883,0.348660370931302,0.2550886500129772,0.23102073624775676,0.3054926146505369,0.19978276180711174,0.338297059954488,0.3034529644290289,0.3596524364039968,0.5210769206692392,0.18087868821638875,0.3009416568898575,0.31224993997026995,0.2574646041366946,0.2852424058931323,0.3339482374503263,0.3135564298850195,0.3237520218440286,0.3478559982154307,0.2894172110309027,0.21113083259730336,0.3040667695238175,0.33268769677586985,0.3043934867822039,0.29189420071548666,0.3502116475667062,0.30334681955808307,0.24236613334479518,0.3479137328149823,0.3483307456249044,0.31489953174618535,0.1892712814040114,0.3641956475560718,0.25390614831711966,0.19768658725947907,0.3082052008275318,0.25695588861710317,0.22880794930792825,0.19120618091699249,0.23887549831906119,0.3785131560016398,0.28205071594523323
A89,0.2762040132919852,0.23932284566170192,0.25263043777912264,0.3187716044772836,0.0,0.3332084331733278,0.17312270280411457,0.28508991802511086,0.3170414671345043,0.2394472082385083,0.2913229165479123,0.2798046340417166,0.30677659521539224,0.3259635296466894,0.2480924109671333,0.3022929146081851,0.324357320018823,0.3239798896607644,0.2366883220734306,0.19999576513982642,0.3114019520299579,0.33039250311290225,0.2726635789399344,0.3001280336790104,0.36157488913949976,0.3115834536023184,0.2886282470948799,0.22888414911241262,0.31533571233749946,0.24517386071074354,0.3401833886729354,0.2976150483324467,0.27434196255505106,0.3159433321994818,0.2014625291135116,0.2902470237091507,0.2723705135498041,0.24602845429483,0.3320255772710988,0.3003220023677635,0.30236147427587645,0.3235947156172012,0.2832718910816542,0.29588909480274905,0.28462768283530726,0.23389131242072425,0.2657640116417639,0.2692484074424689,0.26314495181609954,0.2356196210749193,0.28559672700947725,0.21500519426616493,0.25495330109756575,0.2676712390603513,0.251237975731889,0.2424069437389631,0.32935573310904764,0.24890363061454757
A94,0.3955202536640632,0.29317116894585227,0.32277719270034544,0.3578481373847848,0.3332084331733278,0.0,0.22536773060286586,0.2717433874730828,0.27045424566198306,0.3407051351587074,0.21327686123970824,0.4236489597838913,0.33169047357630854,0.4170016058409187,0.23790812464741518,0.3338016150430094,0.3280170764383675,0.3064099992597469,0.3022982138728052,0.28152255224554734,0.3332627014888685,0.31521073556813173,0.27591707946980637,0.3626034874920062,0.4033252502092096,0.45486791457245135,0.23442284724597784,0.32866372617457695,0.31873911039271585,0.21804149416317808,0.33133374775539437,0.27282559375278514,0.3167573505024982,0.3875554083191546,0.2817927792853385,0.2918082833922777,0.3189131245529695,0.31507275391019984,0.2874092396811907,0.304879402597513,0.33333083312667533,0.3955651847490611,0.3128807895165867,0.37853190395968883,0.2802733375660337,0.3192072986957064,0.42196245989524794,0.26609143956253933,0.3137742106902569,0.3003715099480613,0.3957233043886812,0.33569474816397993,0.3149742403169097,0.33735301568281273,0.3160624548657722,0.28082044975958353,0.2988332212151926,0.3033129807678848
A36,0.28413372021548766,0.21846536152362495,0.22516225809050538,0.26445145015798643,0.17312270280411457,0.22536773060286586,0.0,0.21294746447130675,0.21554928878859692,0.24085086532088562,0.21910473104922545,0.2697770116875229,0.2737673244254759,0.34090251434603025,0.1914693187864408,0.2733769319012703,0.2632914388813993,0.24014691574042812,0.19667716428972137,0.20272324982452905,0.283190342130502,0.24595379603039402,0.24412626339056576,0.23350966296526499,0.31106600122770656,0.3144120538751721,0.18840063286613862,0.23459771663885787,0.2788370744500067,0.19119618280388728,0.27240603639720207,0.23664089631901197,0.25269918008748526,0.3302783504906732,0.2357221804451829,0.29883881717417626,0.2178662720362069,0.2821091263796126,0.2971271353979156,0.25766548779031384,0.22079951403515774,0.26790543371148323,0.25550783040825553,0.27608215765247357,0.23663566870407182,0.24027490882274827,0.31336951560804316,0.23035147089527686,0.23505241507638908,0.22535423809356536,0.28874966614832964,0.27634244449179357,0.2169494448871916,0.20788255207037465,0.2124535777590748,0.1952709771992892,0.28457140532440683,0.20936200000180916
A42,0.265451835303277,0.21450662471309723,0.23135965395983438,0.20047130612122088,0.28508991802511086,0.2717433874730828,0.21294746447130675,0.0,0.2864249296375557,0.255500658410711,0.22424286894015055,0.4240060986846381,0.1726681386112976,0.2755625752344234,0.25059976923041105,0.2534857377172177,0.31743495225900187,0.22877506562162842,0.22996038701913202,0.2249838777701625,0.2882302179041991,0.3011476906746966,0.2912705416040362,0.30402734205234994,0.35735776737387515,0.4729038814797498,0.17314218530100234,0.26457336644729534,0.24634956993702206,0.23752676546809925,0.15306251197082166,0.320630096827765,0.30327211227192974,0.30333978634932013,0.32087943456094326,0.25718878639385423,0.2557450446153118,0.32319670330806305,0.31364530345488717,0.2831061337301467,0.29042407734969844,0.2865248152440014,0.2491152313031162,0.31870393507892203,0.310305662705472,0.2632630000091486,0.3049988592799434,0.18571432184930814,0.3005499770397063,0.22634953414109749,0.24909227895531028,0.25437641875002015,0.24059192147786101,0.25088037707328714,0.16973558470341488,0.21225065479878047,0.2828045296915983,0.21366281441204615
A47,0.30134948234479775,0.253166555604846,0.27337665458308524,0.3654257289489208,0.3170414671345043,0.27045424566198306,0.21554928878859692,0.2864249296375557,0.0,0.283194030477786,0.31920910289784077,0.37266928401153576,0.30362730267441473,0.3868275360120472,0.2919062251639386,0.2420728843133625,0.33573779965709183,0.28285539559735184,0.29389735769569236,0.2818229672420559,0.2841185400703572,0.35347503036425887,0.2633520299666531,0.2703271956215223,0.38853393018511273,0.4151899961025797,0.2727092096444843,0.29200984869880675,0.28400938094744654,0.2200128656757705,0.29270511428226775,0.34523207799364275,0.33099292765037014,0.3509943528959457,0.30779875575675675,0.3181085662958285,0.29695892036558647,0.31510533717437095,0.4204099042997622,0.2810173067545949,0.19895202433423453,0.28092180816002,0.30834683383916417,0.35584100550205633,0.23537162883873297,0.315860060146663,0.365099424082317,0.27489360724426637,0.3009410849358666,0.28179075737536863,0.3515029178527237,0.2876256317205602,0.3368111064535426,0.32918374377994786,0.31509334522151866,0.27757610165114466,0.2918381835643806,0.28077518415284763
A59,0.33264465177667024,0.2593194814963298,0.30735752516501036,0.3413602654210073,0.2394472082385083,0.3407051351587074,0.24085086532088562,0.255500658410711,0.283194030477786,0.0,0.34365167419992937,0.2676833045147634,0.2575616609669351,0.2618376297876317,0.2665144111955947,0.3287853624818641,0.2507754011865915,0.31429978622997334,0.2829931367901082,0.21653274208315243,0.3000662898206613,0.32515265501103796,0.3006434821568065,0.35002341485355726,0.384863747217537,0.4260325503979481,0.2882792651737698,0.27736875904021474,0.3115509738721336,0.2576030701406824,0.3301691282486996,0.3244020255942619,0.3156795051115202,0.4181708981190463,0.3233475467740671,0.2572198087904948,0.3196120427495337,0.27954078715758623,0.3310188368324589,0.3304083454469342,0.2824521012019253,0.2749875708926185,0.2863310853900566,0.36197669555917344,0.29643116502214517,0.2927368671177236,0.28247222306265807,0.2914873672369307,0.3677480820069887,0.2912013609365378,0.33883307430701604,0.357622833324856,0.24004627337293571,0.25511534547954917,0.25569068893994595,0.3282979108599886,0.38406710277656875,0.26322060638434663
A75,0.31139666306444824,0.16759554691640344,0.26871761162255803,0.287131529731972,0.2913229165479123,0.21327686123970824,0.21910473104922545,0.22424286894015055,0.31920910289784077,0.34365167419992937,0.0,0.4074724210288527,0.2860821331708422,0.4058224055212166,0.19694315803850104,0.22000922486879582,0.2796879899141391,0.31327838861286916,0.22580441213396574,0.20828945275547095,0.27039953514180104,0.27332542319773745,0.25417603688429946,0.23777227839897486,0.32500873151973375,0.3196659636967101,0.1372056838261504,0.2590106428451312,0.1879632943625026,0.1853714940882648,0.2617335221336464,0.26548058403675323,0.2633638255490347,0.33126514494670023,0.22126182294532848,0.2624674032757701,0.2123250191210525,0.3507407620809403,0.2853271029562947,0.2633239834246317,0.27300903685025235,0.34150747776688295,0.21199831767665334,0.24229623416208368,0.24043239846572273,0.22735083157744818,0.48169067904475016,0.2088735194989647,0.20304324369149607,0.24818196522600533,0.33159532536927483,0.29243832667216096,0.18111281441280191,0.33783771285002007,0.2609414535473684,0.20006197774924117,0.25970964085327,0.24862342218942035
A98,0.3836242096714342,0.40325273577152443,0.45107651966248175,0.4668719439559307,0.2798046340417166,0.4236489597838913,0.2697770116875229,0.4240060986846381,0.37266928401153576,0.2676833045147634,0.4074724210288527,0.0,0.38882043293159296,0.3158132695659095,0.3394103827516385,0.4184580788691069,0.2925820285490319,0.46649253854757544,0.35524611626143954,0.36618515471739854,0.32403825510223805,0.41196299092230737,0.37140835753996604,0.3640184609794429,0.40610982869973145,0.3526790774449843,0.4276505422279522,0.3102731150867978,0.44186356421415796,0.3906050815557943,0.4730161961214837,0.37346350432909803,0.3438215476582783,0.46826038092287736,0.34222671697447427,0.4290928652256083,0.432577409345136,0.3041996773706299,0.40138996221388357,0.3837163860456174,0.3700941825319538,0.32367147381258465,0.38955546119224893,0.37031529754299364,0.33574985175442296,0.3423971495498551,0.36735741255692234,0.41804776791832565,0.39353245812101945,0.41184241802382193,0.5041896325249169,0.43676274025060424,0.3695062084614935,0.3871366815288291,0.382609825635713,0.349944576788644,0.4954949161195038,0.3162808537053857
A40,0.304043755255589,0.22879639360471848,0.20190312609743988,0.20440575778134173,0.30677659521539224,0.33169047357630854,0.2737673244254759,0.1726681386112976,0.30362730267441473,0.2575616609669351,0.2860821331708422,0.38882043293159296,0.0,0.2986195245974923,0.2336378689252554,0.2825614037087968,0.33496487890380633,0.3637373789953321,0.24807363984958197,0.22459430786695078,0.2999931820918774,0.3000874110007524,0.33690524008442624,0.3145557303162504,0.41547259470817244,0.43463534850330854,0.19340196450677993,0.22140721387396922,0.2707839708841887,0.2505522482038476,0.30684558611962853,0.3257127455082517,0.3584905314211013,0.3824788330085278,0.3151537375756631,0.21428239262881876,0.26859207528519247,0.3103032907819081,0.2935891411852015,0.23637700548879215,0.31385821626365207,0.2625350561620541,0.23924432912277938,0.23422965115108818,0.29524838274986465,0.35545120858488577,0.23149087379273892,0.18004509073455055,0.37797006146116474,0.24538217986748012,0.23345093813234086,0.28230682131359364,0.27130638647030536,0.25732405144713666,0.17270918053609718,0.2596480777583937,0.3532712037310881,0.24070954531434252
A51,0.2444427341963108,0.3265595498039042,0.3571329471898512,0.3647726348470197,0.3259635296466894,0.4170016058409187,0.34090251434603025,0.2755625752344234,0.3868275360120472,0.2618376297876317,0.4058224055212166,0.3158132695659095,0.2986195245974923,0.0,0.39533244604423934,0.43247775720990067,0.3047403835753636,0.37226978630735175,0.3351320192007451,0.3785543714142272,0.3289561575126372,0.41641799806418933,0.3627451153538649,0.4372818494999767,0.3553729724913528,0.4335772025446095,0.40319642502990827,0.3186439535885568,0.41325992427147384,0.4298567517079208,0.3394701297339089,0.33381816443582035,0.3414811015741507,0.3333006047391389,0.41975162808968103,0.32445726727953417,0.3936473969363693,0.3215227415906018,0.3689408928647905,0.3709458415937916,0.3997975639665148,0.3582629317763455,0.3385774048052177,0.47628957741579037,0.37966841933496365,0.2635528215898215,0.31889922229117496,0.3885607485971875,0.41974121089222427,0.3421376389232881,0.32210058436262,0.35916719481463655,0.3818247478482417,0.33736796621554754,0.3002862006937984,0.4190873902931116,0.4148221596662135,0.3559926309609268
A57,0.332464395556487,0.21693860801338904,0.22516624729189716,0.22573265365544792,0.2480924109671333,0.23790812464741518,0.1914693187864408,0.25059976923041105,0.2919062251639386,0.2665144111955947,0.19694315803850104,0.3394103827516385,0.2336378689252554,0.39533244604423934,0.0,0.25698656478315973,0.33686811571710407,0.28637811888585396,0.25299104479131873,0.17499712008693113,0.23323344391411138,0.19236741673779745,0.2643474750338881,0.26229724567235746,0.31373240341429864,0.4018551509230798,0.1788462356502587,0.2877895444721107,0.2533821289357344,0.20711726456313917,0.34496069303119303,0.25424169434583843,0.28839366998355065,0.39747012445146224,0.26514281443684884,0.26919035653206125,0.16532403337730106,0.2843548758972898,0.2626586143182851,0.27077867875421835,0.2089582711916197,0.2928047484091788,0.2599894289026069,0.24748913307405407,0.21089620185701297,0.2889393412694117,0.3275256795177667,0.2129220038304136,0.29769931830352436,0.24617460514870926,0.2837705564486147,0.32318218717034697,0.23701428728760876,0.288182731804563,0.20069015807513535,0.2054383404069794,0.35087369359920195,0.2618522285253053
A2,0.26733358709739885,0.2024242582694441,0.2620152368379449,0.25483379348591806,0.3022929146081851,0.3338016150430094,0.2733769319012703,0.2534857377172177,0.2420728843133625,0.3287853624818641,0.22000922486879582,0.4184580788691069,0.2825614037087968,0.43247775720990067,0.25698656478315973,0.0,0.3398102451289723,0.3223614331410707,0.23117668198774777,0.21143998277592235,0.2271388408594014,0.3127784453040745,0.3271499197368819,0.22639928982529456,0.2868709046172585,0.4288919169903431,0.20512474323588092,0.2997240379676257,0.1838802675378599,0.19658277170929028,0.22758451229618637,0.3005957898610625,0.22430010545066892,0.33031900555818083,0.27375034948922516,0.3368668443223045,0.2229797890333438,0.3188241058451283,0.33653645871597004,0.3115918598291101,0.17560356010665346,0.2557529074455668,0.28877763885497765,0.23442294424703514,0.3270683270803636,0.24051601644117326,0.39907652185525244,0.20564586296763265,0.2910577267474347,0.286178618106844,0.33014640333928547,0.2502405376620229,0.25585717744250513,0.28858437284998073,0.27021093859989065,0.19850701622430167,0.2542705142188504,0.19892384028492938
A28,0.3592988991922239,0.3185970722941759,0.42070454197442797,0.45751487852750883,0.324357320018823,0.3280170764383675,0.2632914388813993,0.31743495225900187,0.33573779965709183,0.2507754011865915,0.2796879899141391,0.2925820285490319,0.33496487890380633,0.3047403835753636,0.33686811571710407,0.3398102451289723,0.0,0.33775625455466485,0.2768818141174787,0.36896377111638956,0.33385792396812775,0.43330734988088526,0.4020028053005199,0.35070758268751934,0.2959938351070637,0.3643002500638137,0.295759498942587,0.2769118833451131,0.3476889606277188,0.3322939448090846,0.35607376154649906,0.30599818759747,0.31523025332414645,0.4436598410799666,0.3697487971119252,0.3954348875939723,0.3515699122179027,0.3808507691505568,0.3261587317061828,0.33434732829415204,0.3545857384744101,0.3143452149384287,0.29883608035671616,0.42160349692920196,0.37163011366510923,0.2592728737197786,0.4264958420793832,0.3189782472364502,0.3379383553229949,0.3677454889399324,0.48986343620271,0.422545533302329,0.35178534266943684,0.3514389497354884,0.3411808353368191,0.3477382954813347,0.3578061714665395,0.32961421157145143
A85,0.2991777026850395,0.33584375895828866,0.35869662913387435,0.348660370931302,0.3239798896607644,0.3064099992597469,0.24014691574042812,0.22877506562162842,0.28285539559735184,0.31429978622997334,0.31327838861286916,0.46649253854757544,0.3637373789953321,0.37226978630735175,0.28637811888585396,0.3223614331410707,0.33775625455466485,0.0,0.3086486216782952,0.29245387887994045,0.39090541288048763,0.37652123857843656,0.3479117253631975,0.42017176557164837,0.3385081832382172,0.4913574230112371,0.3186992749744011,0.3490258274224841,0.3600777051724584,0.3468110370501156,0.2518220185493524,0.2780273200976039,0.3911169890220223,0.3669062998675443,0.34905703934867416,0.35119838313097207,0.3119711736543107,0.35916398943996153,0.35704515822864835,0.2799268295132692,0.39814936253753697,0.3820385667903752,0.3424203204233841,0.4390642587988335,0.3177163753720482,0.2591306286200642,0.4168804052252749,0.2972391948249643,0.3199223329083265,0.33356700616416335,0.3452781908573025,0.33266357431050986,0.3746786520897988,0.32737047241395334,0.34387862757725285,0.33525296587583664,0.31707870198329946,0.2966942211560618
A95,0.31059198283078604,0.2069760569085557,0.22629923156554743,0.2550886500129772,0.2366883220734306,0.3022982138728052,0.19667716428972137,0.22996038701913202,0.29389735769569236,0.2829931367901082,0.22580441213396574,0.35524611626143954,0.24807363984958197,0.3351320192007451,0.25299104479131873,0.23117668198774777,0.2768818141174787,0.3086486216782952,0.0,0.21164912866787056,0.30448502509907793,0.31446570931797047,0.314086763745708,0.23628044876230125,0.2912793009539715,0.29381050217174076,0.223341359329427,0.16693935518974423,0.2973974018847003,0.24655996139420944,0.25095935242359346,0.2675954294893479,0.27979551470535546,0.353323048607586,0.258277582592793,0.3031499345767644,0.2238173237958555,0.31710057447457995,0.31432337944305966,0.22651185794256157,0.24227574698176657,0.30279000828097735,0.21809100506498558,0.23010967003926186,0.22010775997862475,0.21403179101717618,0.3577138501556931,0.21541979746269335,0.2772347992062322,0.2506507782938211,0.2788020170910528,0.27658499177777995,0.2539786570142156,0.31279646737214584,0.22982681118479675,0.1826571181046932,0.3131249791221731,0.2596408469930914
A7,0.3235714409941123,0.22707978501405923,0.24960876544156785,0.23102073624775676,0.19999576513982642,0.28152255224554734,0.20272324982452905,0.2249838777701625,0.2818229672420559,0.21653274208315243,0.20828945275547095,0.36618515471739854,0.22459430786695078,0.3785543714142272,0.17499712008693113,0.21143998277592235,0.36896377111638956,0.29245387887994045,0.21164912866787056,0.0,0.2671025856057,0.20953644263916915,0.2555678645641355,0.2623373757443914,0.31918373517737764,0.4349520333633021,0.16895266079792381,0.2424237093711068,0.23021232186331875,0.18726299526421097,0.26730609595317356,0.28711258808358364,0.25030967532949233,0.3960025219644864,0.17461954078755992,0.1694947916654974,0.20715157061353162,0.26404986697050825,0.3369590213290108,0.2639738191088685,0.24530209096581934,0.3319498910543781,0.27068718628369903,0.21760766676656862,0.21894270638479452,0.2729250772225944,0.3346048014930224,0.221649303885324,0.33281441347962837,0.1945282714775426,0.25082456021983845,0.25133125574182835,0.16522942777647032,0.3131414687419386,0.19129326727332285,0.22631584962863605,0.343724216877466,0.24967903054781504
A12,0.23343188280809457,0.24826419412083944,0.29820092510563,0.3054926146505369,0.3114019520299579,0.3332627014888685,0.283190342130502,0.2882302179041991,0.2841185400703572,0.3000662898206613,0.27039953514180104,0.32403825510223805,0.2999931820918774,0.3289561575126372,0.23323344391411138,0.2271388408594014,0.33385792396812775,0.39090541288048763,0.30448502509907793,0.2671025856057,0.0,0.27153877467437504,0.2560142239828256,0.2854424305759925,0.30974126387474343,0.39603535385479094,0.24939108591759274,0.30653139357117887,0.2535341504757943,0.2321589308248997,0.28358333291378623,0.24961504148034686,0.20555459033765133,0.326073165748209,0.3113113584110433,0.33864095349453005,0.16471424343990637,0.25603260814654005,0.3058809170872948,0.3008760100858573,0.22190610153475931,0.22498040095045313,0.28034864939793724,0.24083354046274608,0.26862012384595224,0.30519956832787676,0.4103824061304875,0.2627075560682658,0.3043744765532589,0.24169551551854906,0.3212878266564313,0.3147805796231612,0.24779584303529878,0.27896138834661544,0.2966855052935541,0.18736514697639606,0.30818944397621995,0.2511290433062988
A13,0.34614861557438303,0.2844340097991158,0.2643933179982647,0.19978276180711174,0.33039250311290225,0.31521073556813173,0.24595379603039402,0.3011476906746966,0.35347503036425887,0.32515265501103796,0.27332542319773745,0.41196299092230737,0.3000874110007524,0.41641799806418933,0.19236741673779745,0.3127784453040745,0.43330734988088526,0.37652123857843656,0.31446570931797047,0.20953644263916915,0.27153877467437504,0.0,0.29532533522731863,0.2653047847995187,0.35208835787537784,0.491453562577837,0.2399412097309106,0.3876764348200804,0.34225376079342085,0.25615933948175085,0.3547675040601729,0.2849076682526296,0.3329188848095379,0.3787563987711814,0.2688609332809383,0.2917479123202379,0.2171921212888831,0.2554617703265105,0.3526503425253522,0.27686459089455095,0.27429772846348044,0.30493447203575885,0.2886490493002727,0.2840958761877618,0.2647673527747383,0.35683002136216657,0.42665054704743166,0.2728802052571465,0.3678522440999641,0.25332088638320926,0.2907497636055796,0.3227609241542767,0.2148616416500222,0.3260256281585655,0.25048544389347815,0.26134021104534055,0.3548453737829048,0.2644093433211103
A31,0.3319621750757903,0.27475387164411014,0.2846134299648131,0.338297059954488,0.2726635789399344,0.27591707946980637,0.24412626339056576,0.2912705416040362,0.2633520299666531,0.3006434821568065,0.25417603688429946,0.37140835753996604,0.33690524008442624,0.3627451153538649,0.2643474750338881,0.3271499197368819,0.4020028053005199,0.3479117253631975,0.314086763745708,0.2555678645641355,0.2560142239828256,0.29532533522731863,0.0,0.2389747392596674,0.4051222098024606,0.3811747178352535,0.2683110712688279,0.3034150209150881,0.27149636032241,0.25274570478095826,0.34564434723693327,0.3430605779190806,0.28873739068667026,0.3477992441809823,0.2757794686696112,0.2520774369388159,0.2551016942057226,0.29483574735536144,0.2839585853952341,0.26597517717895525,0.24319725791889402,0.2834769590060736,0.3163614183084734,0.30220002589377126,0.18036671659567094,0.2846235756637877,0.4512085669942215,0.31229687068187295,0.3031717150967099,0.2890711834518078,0.37976440707902825,0.30518998401215625,0.20551677238842425,0.3219943929149929,0.28359050162245714,0.19763572619674996,0.26303912093285453,0.22709354739285448
A50,0.3432788895564939,0.24843948927311288,0.2604119944904676,0.3034529644290289,0.3001280336790104,0.3626034874920062,0.23350966296526499,0.30402734205234994,0.2703271956215223,0.35002341485355726,0.23777227839897486,0.3640184609794429,0.3145557303162504,0.4372818494999767,0.26229724567235746,0.22639928982529456,0.35070758268751934,0.42017176557164837,0.23628044876230125,0.2623373757443914,0.2854424305759925,0.2653047847995187,0.2389747392596674,0.0,0.38694023852584725,0.3302219211115298,0.1987834189586022,0.3197887824244787,0.24073602720422316,0.22533269550902724,0.3481072740219212,0.35416643900845113,0.2878115706046245,0.38498633992783093,0.29637033060287676,0.30655369670038013,0.18093926462348975,0.34076731316876097,0.37004917860457054,0.3299198712140341,0.18587759565345674,0.21586768662944877,0.26372168446036137,0.19160129779015078,0.24528884209562085,0.3154212903705833,0.46654793099558123,0.2808215749064942,0.29162134057706757,0.2675757081830399,0.3881106697934331,0.31692337348364774,0.19897547809142457,0.345043027053754,0.25069693415876226,0.2137965786192184,0.3401584266684793,0.21078652322878633
A53,0.2839196295971086,0.3160033362842882,0.43580962468509554,0.3596524364039968,0.36157488913949976,0.4033252502092096,0.31106600122770656,0.35735776737387515,0.38853393018511273,0.384863747217537,0.32500873151973375,0.40610982869973145,0.41547259470817244,0.3553729724913528,0.31373240341429864,0.2868709046172585,0.2959938351070637,0.3385081832382172,0.2912793009539715,0.31918373517737764,0.30974126387474343,0.35208835787537784,0.4051222098024606,0.38694023852584725,0.0,0.3859687773242666,0.35062333310045624,0.28716425722296735,0.29994026130517093,0.34492019651551675,0.30100237538615626,0.30431585345732015,0.24893051906922992,0.443534978108326,0.4067940028837228,0.4173193456221591,0.3290624230502983,0.3916335285579803,0.372514769996385,0.3012776662323514,0.30233159362154005,0.33270709597458137,0.29440246551744564,0.3527544151127353,0.3498487400487845,0.24208055689113772,0.4353469456261677,0.33603426583765994,0.3421932118014942,0.42449061031772684,0.42920651336381266,0.4052553964609391,0.40165624339253814,0.35914937164624516,0.36497845084431724,0.35602555234645206,0.41710731739782303,0.39255582676170064
A96,0.4208922557981014,0.35457757807841384,0.40187407244546614,0.5210769206692392,0.3115834536023184,0.45486791457245135,0.3144120538751721,0.4729038814797498,0.4151899961025797,0.4260325503979481,0.3196659636967101,0.3526790774449843,0.43463534850330854,0.4335772025446095,0.4018551509230798,0.4288919169903431,0.3643002500638137,0.4913574230112371,0.29381050217174076,0.4349520333633021,0.39603535385479094,0.491453562577837,0.3811747178352535,0.3302219211115298,0.3859687773242666,0.0,0.4088742498128233,0.3086589418438843,0.38022401086220803,0.409557953299695,0.4600401512594634,0.36300206103873944,0.30289628797741164,0.49278247277763887,0.3685905835939838,0.41927903073827577,0.38704608037546406,0.5229675395561099,0.37983367205987306,0.35160249401836563,0.36373245345281824,0.37181038385995235,0.26498587355190806,0.3549226839687236,0.3766391342599755,0.352219910118139,0.5241569533264676,0.43388592594706543,0.2685021236890246,0.443120382664667,0.5068636702015525,0.4221948065470943,0.38524625375215305,0.47481097823723684,0.4313531455403924,0.3775812022679881,0.4459554372543334,0.43234631001524837
A22,0.2949507338353162,0.20239995901272156,0.23098514380091228,0.18087868821638875,0.2886282470948799,0.23442284724597784,0.18840063286613862,0.17314218530100234,0.2727092096444843,0.2882792651737698,0.1372056838261504,0.4276505422279522,0.19340196450677993,0.40319642502990827,0.1788462356502587,0.20512474323588092,0.295759498942587,0.3186992749744011,0.223341359329427,0.16895266079792381,0.24939108591759274,0.2399412097309106,0.2683110712688279,0.1987834189586022,0.35062333310045624,0.4088742498128233,0.0,0.23534193204287157,0.17478691867126794,0.1471017585326827,0.21303382858996933,0.29781526692616866,0.22331431775957322,0.357776140597719,0.2671441031751497,0.23176541669686745,0.13952024888831072,0.34064281540992825,0.28795583499328925,0.2713890157626583,0.21694503369469897,0.28703780480927643,0.2514714524936672,0.17964797717905023,0.2559549645776208,0.2833537826668374,0.37245274592601363,0.1789927516278127,0.26749661959184234,0.18687714261156652,0.2873812989634916,0.282015530980394,0.17403443986450984,0.24695103127082718,0.20027088473118415,0.19147796626359725,0.2894377427502013,0.22409254769281828
A44,0.3556762164471521,0.25484493644872097,0.3174629859304958,0.3009416568898575,0.22888414911241262,0.32866372617457695,0.23459771663885787,0.26457336644729534,0.29200984869880675,0.27736875904021474,0.2590106428451312,0.3102731150867978,0.22140721387396922,0.3186439535885568,0.2877895444721107,0.2997240379676257,0.2769118833451131,0.3490258274224841,0.16693935518974423,0.2424237093711068,0.30653139357117887,0.3876764348200804,0.3034150209150881,0.3197887824244787,0.28716425722296735,0.3086589418438843,0.23534193204287157,0.0,0.23653336225446597,0.2551314807730689,0.32254379941542666,0.29865109625407793,0.2980785057805426,0.39575130883166876,0.2659812406745288,0.22890206156310822,0.25788738910637254,0.3060815529587625,0.2946121212482047,0.1980330594318479,0.3106441202552652,0.3310614113186402,0.25838702154370663,0.2520647044152651,0.28475098244690344,0.22505934699804753,0.30591276949914536,0.22104133588767405,0.2686544309258444,0.27735020736571914,0.3082197768593493,0.32348553949068237,0.26532172431322376,0.324407140650092,0.2545443873640679,0.23712177903366705,0.35599559196827657,0.2858786226632709
A46,0.3277971971186091,0.1858914619997586,0.2504603245063127,0.31224993997026995,0.31533571233749946,0.31873911039271585,0.2788370744500067,0.24634956993702206,0.28400938094744654,0.3115509738721336,0.1879632943625026,0.44186356421415796,0.2707839708841887,0.41325992427147384,0.2533821289357344,0.1838802675378599,0.3476889606277188,0.3600777051724584,0.2973974018847003,0.23021232186331875,0.2535341504757943,0.34225376079342085,0.27149636032241,0.24073602720422316,0.29994026130517093,0.38022401086220803,0.17478691867126794,0.23653336225446597,0.0,0.1567395991238002,0.2502052699839873,0.3454736415038252,0.25696662727498365,0.3693712397700195,0.2494466485836726,0.21721183490513696,0.2329791936212865,0.3218857011255959,0.2718237812082307,0.31149464403799654,0.24354175530127242,0.30485875515493654,0.26037050728848665,0.23310388820600025,0.3238260678622278,0.2623306210579901,0.41241425355482664,0.17660078760165543,0.22370490750180305,0.3050792348539031,0.31432287298508454,0.3245338190556766,0.21813010330552352,0.3230240104084635,0.25113760009373143,0.23466340801738617,0.310484204175717,0.22883110118207117
A64,0.3174690371420018,0.16380144781905592,0.209810483485543,0.2574646041366946,0.24517386071074354,0.21804149416317808,0.19119618280388728,0.23752676546809925,0.2200128656757705,0.2576030701406824,0.1853714940882648,0.3906050815557943,0.2505522482038476,0.4298567517079208,0.20711726456313917,0.19658277170929028,0.3322939448090846,0.3468110370501156,0.24655996139420944,0.18726299526421097,0.2321589308248997,0.25615933948175085,0.25274570478095826,0.22533269550902724,0.34492019651551675,0.409557953299695,0.1471017585326827,0.2551314807730689,0.1567395991238002,0.0,0.2489202588862537,0.3211600667094404,0.24198824343889014,0.3605510067554014,0.26636170144006877,0.23530323112139018,0.180269481206501,0.2519887339402278,0.2868442043172613,0.27337465538417094,0.22966241625578032,0.28019213389700603,0.2839791594438891,0.1942930368118423,0.26928733531697635,0.31430099437867887,0.37416797916589917,0.14871204099223934,0.2627947009719742,0.205693348868475,0.27631823473665273,0.2791146908254627,0.19105246246563112,0.2748803690380883,0.24116778329093957,0.1966693005351292,0.265658843803944,0.20781789487068725
A99,0.25885287874103846,0.23545974379536205,0.3165931222450339,0.2852424058931323,0.3401833886729354,0.33133374775539437,0.27240603639720207,0.15306251197082166,0.29270511428226775,0.3301691282486996,0.2617335221336464,0.4730161961214837,0.30684558611962853,0.3394701297339089,0.34496069303119303,0.22758451229618637,0.35607376154649906,0.2518220185493524,0.25095935242359346,0.26730609595317356,0.28358333291378623,0.3547675040601729,0.34564434723693327,0.3481072740219212,0.30100237538615626,0.4600401512594634,0.21303382858996933,0.32254379941542666,0.2502052699839873,0.2489202588862537,0.0,0.3230859762515774,0.21876259097041062,0.34209700287509914,0.3428983283413479,0.3692513062295236,0.27516060522684127,0.3504561422575212,0.40592354074415793,0.31769781321639123,0.3199547823992539,0.3124237897753711,0.25867617278852617,0.3612660882974348,0.3248193981702233,0.2699996226963792,0.4000219202769254,0.24538749587984066,0.27484087520525047,0.2797924358101799,0.3116222448715801,0.21348901914050733,0.3132945327961486,0.3075878635799959,0.29362699503066847,0.2729621366410758,0.28112831248786463,0.2505512002474478
A17,0.2685352891549482,0.2752030573580908,0.3400795557849762,0.3339482374503263,0.2976150483324467,0.27282559375278514,0.23664089631901197,0.320630096827765,0.34523207799364275,0.3244020255942619,0.26548058403675323,0.37346350432909803,0.3257127455082517,0.33381816443582035,0.25424169434583843,0.3005957898610625,0.30599818759747,0.2780273200976039,0.2675954294893479,0.28711258808358364,0.24961504148034686,0.2849076682526296,0.3430605779190806,0.35416643900845113,0.30431585345732015,0.36300206103873944,0.29781526692616866,0.29865109625407793,0.3454736415038252,0.3211600667094404,0.3230859762515774,0.0,0.2808962484044123,0.2759396950114289,0.2711464515698411,0.3176784892959088,0.21201942358213977,0.26799270387665475,0.1937263240837358,0.25846603023379244,0.32597256983935297,0.3176597489020986,0.2295309286433933,0.3083433994662278,0.3231418210299186,0.2545842093829125,0.3741967838626623,0.2863222065606005,0.29766457019915504,0.2689745945725218,0.3206569783238923,0.30130279188547093,0.2740642612304295,0.2609909938688256,0.31375731972345655,0.27733398710635515,0.33423254614771725,0.2834443977507394
A21,0.2441059903528111,0.2746695485153724,0.3500603922626192,0.3135564298850195,0.27434196255505106,0.3167573505024982,0.25269918008748526,0.30327211227192974,0.33099292765037014,0.3156795051115202,0.2633638255490347,0.3438215476582783,0.3584905314211013,0.3414811015741507,0.28839366998355065,0.22430010545066892,0.31523025332414645,0.3911169890220223,0.27979551470535546,0.25030967532949233,0.20555459033765133,0.3329188848095379,0.28873739068667026,0.2878115706046245,0.24893051906922992,0.30289628797741164,0.22331431775957322,0.2980785057805426,0.25696662727498365,0.24198824343889014,0.21876259097041062,0.2808962484044123,0.0,0.39026232671880035,0.320372841251931,0.3198568958673723,0.23318458350723958,0.29492650884695126,0.32114520800176183,0.3124722853551256,0.25054841205585976,0.31872926264991497,0.2507617763161619,0.2752259407681338,0.35555150545366765,0.27894890592176147,0.44806708977446696,0.3074149104245718,0.24424385063247755,0.2992333088280221,0.39478758145579984,0.2634506089964368,0.2653272934870903,0.30597293356700195,0.3186761924470538,0.28124385150318076,0.3456087645061481,0.265476878168992
A41,0.2561278093049342,0.2735370167866825,0.32173873278381493,0.3237520218440286,0.3159433321994818,0.3875554083191546,0.3302783504906732,0.30333978634932013,0.3509943528959457,0.4181708981190463,0.33126514494670023,0.46826038092287736,0.3824788330085278,0.3333006047391389,0.39747012445146224,0.33031900555818083,0.4436598410799666,0.3669062998675443,0.353323048607586,0.3960025219644864,0.326073165748209,0.3787563987711814,0.3477992441809823,0.38498633992783093,0.443534978108326,0.49278247277763887,0.357776140597719,0.39575130883166876,0.3693712397700195,0.3605510067554014,0.34209700287509914,0.2759396950114289,0.39026232671880035,0.0,0.33967029759596035,0.40180219116142335,0.3276585636958309,0.3160272706933478,0.37341574920273235,0.3588699537896697,0.3993227506815932,0.3862337986896427,0.3973331728321101,0.4166919364129258,0.3964703408809823,0.25239242482738466,0.4005813535045283,0.31924311877196876,0.28625610246625965,0.3115546744188187,0.31397707760636195,0.2935690254841019,0.32772323318036034,0.32328656783999143,0.3650959921127679,0.32043490477741665,0.33120657996972935,0.2811304153577908
A72,0.35508870897456546,0.2608530607642279,0.2540855828613914,0.3478559982154307,0.2014625291135116,0.2817927792853385,0.2357221804451829,0.32087943456094326,0.30779875575675675,0.3233475467740671,0.22126182294532848,0.34222671697447427,0.3151537375756631,0.41975162808968103,0.26514281443684884,0.27375034948922516,0.3697487971119252,0.34905703934867416,0.258277582592793,0.17461954078755992,0.3113113584110433,0.2688609332809383,0.2757794686696112,0.29637033060287676,0.4067940028837228,0.3685905835939838,0.2671441031751497,0.2659812406745288,0.2494466485836726,0.26636170144006877,0.3428983283413479,0.2711464515698411,0.320372841251931,0.33967029759596035,0.0,0.2621448797811695,0.2982937264333322,0.2710876517181777,0.33444421750605313,0.2927133612330951,0.3292402629794977,0.40369296439090374,0.26465241798596495,0.28839529791435525,0.30102639844015666,0.27567648460352256,0.3984464192553432,0.25045023494301366,0.2727734508119475,0.2659017889334596,0.30097486663733086,0.2649820743031571,0.21895436143195723,0.3606753154601351,0.26397184597146583,0.24975342311294002,0.29234211651307496,0.2775096747025524
