,A4,A35,A58,A63,A89,A94,A36,A42,A47,A59,A75,A98,A40,A51,A57,A2,A28,A85,A95,A7,A12,A13,A31,A50,A53,A96,A22,A44,A46,A64,A99,A17,A21,A41,A72,A88,A92,A15,A16,A23,A70,A8,A20,A49,A71,A78,A87,A100,A55,A62,A68,A5,A24,A27,A48,A74,A77,A82
A4,0.0,0.27677413471010703,0.269840375067657,0.3066220280722639,0.3135596098252208,0.4378018213351851,0.3132046287001641,0.27884881071510725,0.35520839719741804,0.35037203397313543,0.3806743997914448,0.34567385118553895,0.28745640012455564,0.27610436927662896,0.39959386629866545,0.27277164391663267,0.3995348613142109,0.3172792105436243,0.3388667307233354,0.43508807269124417,0.31441312063535565,0.43576456876232306,0.46350524327060927,0.5153333395243684,0.39884944900233854,0.5505082528642404,0.3440926671813046,0.3702562900674222,0.4635093228473234,0.39170447184121326,0.2817961908620149,0.27494257007572787,0.3298585570252437,0.26878455855479433,0.381837706600588,0.5046994070927239,0.393167174595887,0.28367873448870307,0.3860707025725527,0.39141516521572606,0.47947388424485415,0.4314348786602512,0.3289801614453467,0.435423843380764,0.529409630906516,0.3419986612124136,0.222031780693403,0.24401347760645764,0.4243183561974929,0.3217571969331906,0.22649720474027557,0.29089405461802764,0.4358081799553647,0.18658050786314961,0.33518434774853445,0.4423700398972452,0.3825228045771828,0.3055445007098938
A35,0.27677413471010703,0.0,0.17075991864991902,0.34064314590051314,0.22497277000429672,0.3911110957254358,0.2121890304581433,0.253307331675102,0.28301001511799284,0.281484553824366,0.20002514905360202,0.37140879530679316,0.31111321235464884,0.4382569566823443,0.26006465257597366,0.2164382767167251,0.46054288990954495,0.36471083187398057,0.27802402664510273,0.29573981842009067,0.3771990852016346,0.3466532281083671,0.2908366813182208,0.2769328297432637,0.5279348276731066,0.49525254247227346,0.20543051097998288,0.2871936730641973,0.2500485790997634,0.18706473686305258,0.2897802503408251,0.462224500863046,0.35546740098447516,0.32906907008320985,0.2774054411968936,0.3805358495604836,0.3086191385282637,0.3859517577201321,0.4660696704287093,0.4366556184009842,0.3410967047968253,0.41719846593100784,0.3106622191903885,0.2943888278270915,0.37002869202047484,0.32913626959047004,0.37528761407227806,0.21595374986749927,0.2910248408905832,0.20398299942877585,0.27990321174870636,0.23028281733487954,0.20403886114594894,0.32402144637213004,0.29501316873499084,0.22724980827461572,0.28914785885371785,0.20424559920018892
A58,0.269840375067657,0.17075991864991902,0.0,0.2378291759903689,0.2730880633179503,0.40368762318550677,0.2741904918285273,0.16403976179205626,0.35757789786194016,0.35404126626112464,0.3122978220418656,0.48336373770594887,0.2494950675087757,0.3774980730475025,0.3097021098851116,0.28237970526574174,0.542251304261422,0.32298087102371853,0.290105942084398,0.31947009101269064,0.4136860887721998,0.31662407508735835,0.31894147135085127,0.3478751594202323,0.6449133905555462,0.595447828642821,0.25929844897891285,0.3870636211809223,0.3420803830343404,0.2707171935289663,0.28720322361681494,0.49963168103080824,0.42133292112690657,0.33512198254296277,0.3344470054905998,0.3383246467505485,0.3190073517311549,0.4111464565516054,0.4537209893918973,0.4466721982016466,0.5133421580049351,0.49811434102467145,0.39418525701112384,0.38826648869766944,0.46941938837217967,0.3780879172548661,0.4053106214367658,0.21357963514052536,0.4347419410414538,0.16118684618649048,0.16226932745466027,0.2855632412444339,0.24386490359645474,0.31134914298919925,0.16560607268619254,0.26583410067569013,0.3218461996023876,0.22304387335164322
A63,0.3066220280722639,0.34064314590051314,0.2378291759903689,0.0,0.3093023898894539,0.5488691628656557,0.30748639759000695,0.19120713021812397,0.4707527981949615,0.37157060664833186,0.461490484357428,0.38684981888076797,0.13551155792820813,0.354674421415207,0.2577088809267116,0.34068099105986593,0.5587316996465453,0.37746292330963194,0.26583512264512543,0.31860317269209015,0.43414773112521954,0.25197363062820965,0.4253886942852442,0.45764866064005094,0.46566038915491825,0.5851815444079974,0.2727158919429459,0.2572285466226216,0.5385280237790162,0.4230206883051417,0.38892335456483074,0.4997318180394602,0.491573182017478,0.4380336304420842,0.5082589824020356,0.3313293868996875,0.3106052893863258,0.38243514189861905,0.4343794376875558,0.3880680888153001,0.4264018245911668,0.46229207818513074,0.4436517069614254,0.29899655862067887,0.47634013966845845,0.44444513065366564,0.24674597263708653,0.2516841584003666,0.5754289189336999,0.2846992342546849,0.18013393403006295,0.4468484966065197,0.353048456002252,0.2656033885665716,0.1741656893291761,0.31505091257579343,0.5745402242241489,0.4164018467802274
A89,0.3135596098252208,0.22497277000429672,0.2730880633179503,0.3093023898894539,0.0,0.38712194516034915,0.17582217841725434,0.3310941202134847,0.35815716967959565,0.294660294022395,0.34747111080258875,0.25980050949453715,0.3343998429031326,0.43482455296859834,0.19105924820407583,0.2954206102294107,0.6028412083920285,0.3001909320638161,0.32595890609969147,0.17660985543524244,0.3796662175850204,0.28170004769919854,0.29958818448865154,0.4069218713787408,0.5106334101815261,0.43151134256096624,0.33673867157577864,0.30804699152655457,0.41851420037415454,0.3050347705220372,0.4012978587104199,0.417384941006431,0.3528959338307316,0.3324268089896253,0.24847588614134242,0.3211115248792137,0.3248715670673462,0.251118806313401,0.5023521595469296,0.41368868452317153,0.4407491041785352,0.49691095277209785,0.4382603772607252,0.33745643343523934,0.31569522682760276,0.31046919287420216,0.30205013609258546,0.3536812716671376,0.3198388049205808,0.28957918049484455,0.2579906016053245,0.2407867951190995,0.30017518413448885,0.35248187260512687,0.32899846833486934,0.32036891917827304,0.4755817127934552,0.2786297038945067
A94,0.4378018213351851,0.3911110957254358,0.40368762318550677,0.5488691628656557,0.38712194516034915,0.0,0.314037710822079,0.2951221574804641,0.33273703068005267,0.44046643957793763,0.23121196898306462,0.4643655028311173,0.4627447478615746,0.5502019359110737,0.3478378947018287,0.35983043296512174,0.4127440874158176,0.30013357151838704,0.39829483935771104,0.4143092027505686,0.4539997986097919,0.44543439262833207,0.32421671744978364,0.43687402764378924,0.5814680345794261,0.5240884319567816,0.2961267035952664,0.4854868206317099,0.3792493650301828,0.29693642390562247,0.33158774521604983,0.38838108493297596,0.3362369950945462,0.45951192902938454,0.3272045522632512,0.43307988599234015,0.43747109490409186,0.37443190661097214,0.37561652902036335,0.3922043722955548,0.5559010133331913,0.47719403409066197,0.38028900324524684,0.5051694057608693,0.3869301761235342,0.37613303644532514,0.5228639340942229,0.3443613537024546,0.2603942393017711,0.38820188847489867,0.5594359339346968,0.36008440265786423,0.4219101389787048,0.4781197702149458,0.4289362230152456,0.3553712390219489,0.28223721338790475,0.2738305449806704
A36,0.3132046287001641,0.2121890304581433,0.2741904918285273,0.30748639759000695,0.17582217841725434,0.314037710822079,0.0,0.28298642431253773,0.23605243932308606,0.30134464647764514,0.2594918985019222,0.2517552607699697,0.2779510514689293,0.46354360205467116,0.1952729826395082,0.2733676658506732,0.40715174006152866,0.2520963674084966,0.1797282367659958,0.2415690209389263,0.4081256615979064,0.2631809369196213,0.2994835740009212,0.28699991393809676,0.4059904880640238,0.3529814707643213,0.2204776069586858,0.23646694877807073,0.42992350982949257,0.26662661844942726,0.32728899649971743,0.3694696464206837,0.2983884852457651,0.44064755873693173,0.3196702635761184,0.41906916639875924,0.2923066500792476,0.2988207210854579,0.4471272949216808,0.3010118513409622,0.3132537224739419,0.36876833100770556,0.33985785139960156,0.2995214482157835,0.3096642367540252,0.3981747099503141,0.3273561867459067,0.3459612121154737,0.2887868656260708,0.2955705644429608,0.32608749742949794,0.29862497057698867,0.2747011186423616,0.2891022181558226,0.2746116416225952,0.22126065109723603,0.404350189402205,0.24419505620324677
A42,0.27884881071510725,0.253307331675102,0.16403976179205626,0.19120713021812397,0.3310941202134847,0.2951221574804641,0.28298642431253773,0.0,0.35438132995801785,0.353971347163766,0.2091091091658288,0.5022010081297044,0.23718195445428047,0.33887210952596336,0.3423953437272941,0.2593722283925104,0.44274598717295177,0.23927610218412065,0.2631297204778782,0.3364865055298577,0.42915204180613176,0.29023147214679845,0.2737630485521041,0.33355904717596163,0.5636390834154295,0.5645464267620989,0.1828360742378834,0.3617504778384949,0.35184181935362413,0.32834308081358476,0.14325131727452867,0.4072334408984065,0.353936830417534,0.28308751398282817,0.32925251453707804,0.2914069068633317,0.30527340791853375,0.4235053885905057,0.35421729731274254,0.37407762491622143,0.4884083376359585,0.39992181694843665,0.2951843543042001,0.4227361216143809,0.45548636845583723,0.2828874574116548,0.41135427539433944,0.18884505451754796,0.32206158117490613,0.22313862190661182,0.26035033809622043,0.2596732046677659,0.24071210666269816,0.29735424243875463,0.17362845877883926,0.24615624524757318,0.2704095693021046,0.21578263359365013
A47,0.35520839719741804,0.28301001511799284,0.35757789786194016,0.4707527981949615,0.35815716967959565,0.33273703068005267,0.23605243932308606,0.35438132995801785,0.0,0.3441943096269976,0.2590053061547054,0.38728416104711005,0.3895670212501734,0.4878482854279371,0.3221123669783428,0.2010169527032326,0.34429531999893803,0.28600424535101765,0.35543717241845296,0.2971699626522659,0.34999331127163025,0.3771980326084974,0.3191829437610807,0.2585916803676388,0.4899431763280113,0.531626315640404,0.25494842088892655,0.34375543493460814,0.3013184457242516,0.25773496480924996,0.2879122087615271,0.40619118110022556,0.33217246767837305,0.4788589500036182,0.23381903625066192,0.37418927392768964,0.34216314497156963,0.392323140053922,0.578774933295763,0.39758272760355984,0.3327493475118184,0.3836772423594983,0.33774494652996323,0.40516821645832,0.33596153629865233,0.330578729114407,0.4717575378843315,0.32141576360462476,0.3163345705624735,0.3143411260432267,0.4404769086446948,0.3485709186762297,0.32203057515618805,0.4834672961808605,0.35971464891332927,0.3580256252634122,0.37764106990896185,0.30609251246424485
A59,0.35037203397313543,0.281484553824366,0.35404126626112464,0.37157060664833186,0.294660294022395,0.44046643957793763,0.30134464647764514,0.353971347163766,0.3441943096269976,0.0,0.35295025060263074,0.22678508456789603,0.3070986742995443,0.28078322140106304,0.2895225496156596,0.3787536455405712,0.310708772469084,0.3790606273549555,0.32013747135663395,0.26868154969863467,0.36801030469958507,0.33286380529171333,0.33948250123449253,0.3894245175109261,0.4738322616787767,0.5241438282696596,0.3027259472808619,0.2579250830773989,0.390556634683103,0.367245678051493,0.38261878409757033,0.44525138804897124,0.4035978115730967,0.46171378272190033,0.3291499214317902,0.30313878674320116,0.39098817691772814,0.34210565229995415,0.448523366636279,0.41118517685452793,0.36383303271799383,0.3883136491176159,0.3180053570776403,0.45324545452752873,0.34966567832634954,0.2582277522615368,0.331218164961135,0.3428962740362076,0.40573201971877315,0.33556908916963135,0.3734823933122421,0.4351511829420752,0.27648644372095543,0.33655333379370234,0.28588457973237724,0.4331924615963738,0.49714544828096563,0.3023940000061476
A75,0.3806743997914448,0.20002514905360202,0.3122978220418656,0.461490484357428,0.34747111080258875,0.23121196898306462,0.2594918985019222,0.2091091091658288,0.2590053061547054,0.35295025060263074,0.0,0.451585811878507,0.4207564373564042,0.46357029446132436,0.33297020048804715,0.24662164210553927,0.3717727240212052,0.25570186269162487,0.27162806736236866,0.3284929703924323,0.41623636767097116,0.3695014747896759,0.21197424717168223,0.3038818591422572,0.48774015072292287,0.391861432622278,0.20773681069573124,0.3326185326087445,0.25713565773499114,0.2520607737451903,0.18682188285990475,0.4439075021830776,0.2590696564304872,0.4182850917158035,0.25989918202062956,0.35333498518793516,0.342955290023055,0.46841144748319374,0.4481902709497795,0.3277612629144385,0.4293728038349547,0.4695872517207791,0.23068697384221915,0.48059775959168904,0.3133228178562807,0.23881695037427297,0.6079636785244464,0.3007676141048454,0.18867834942674744,0.3251447041277564,0.4447647940303102,0.27570623817514284,0.22457938740345396,0.5311899462680897,0.37576976795510875,0.2799861169183182,0.21132323379905127,0.23046278099275852
A98,0.34567385118553895,0.37140879530679316,0.48336373770594887,0.38684981888076797,0.25980050949453715,0.4643655028311173,0.2517552607699697,0.5022010081297044,0.38728416104711005,0.22678508456789603,0.451585811878507,0.0,0.34157372279566933,0.333870065637052,0.2409931454161809,0.4098463529667824,0.39147306115581004,0.44431928963424316,0.3084004682160153,0.34692058038047235,0.2823014950417866,0.3600346988739851,0.4018076116585746,0.44428034060393706,0.3496250861094886,0.4030543287865077,0.410721402598326,0.24092360552673286,0.5071919764229462,0.4090316894907843,0.5303659791515476,0.4303066993545872,0.374930768385772,0.4814451114527082,0.4069313033451569,0.48540811442058707,0.4198969422093155,0.2347608007745321,0.49637413597034974,0.37081417204633815,0.38301278003310535,0.38175380627477673,0.45410666666804345,0.3882796302332395,0.3295515396964729,0.3705343614093727,0.27804210559264486,0.4335166413990431,0.41683458792972805,0.48303960255097445,0.42807367383910455,0.4935789427120677,0.42779962866894017,0.40070830721237316,0.4027156694828321,0.43181249045511316,0.6318917425976812,0.37317090804970865
A40,0.28745640012455564,0.31111321235464884,0.2494950675087757,0.13551155792820813,0.3343998429031326,0.4627447478615746,0.2779510514689293,0.23718195445428047,0.3895670212501734,0.3070986742995443,0.4207564373564042,0.34157372279566933,0.0,0.36504790723771907,0.24361134991379507,0.31361397469476904,0.4571554092224893,0.39618493249540765,0.2718911061778543,0.30363569503560384,0.35347239329279556,0.2894796764075076,0.45794725657064395,0.35143463043692214,0.5372826355546083,0.5263731235880347,0.20412740401540286,0.23493197348354145,0.48984316153161345,0.33319664354008705,0.4004797749891933,0.42417675483036965,0.4534280767907888,0.4757165464884763,0.48267986571294985,0.33068879032353393,0.26559051909078024,0.34945412022011624,0.3799833223961716,0.3292148331765111,0.38717592472636986,0.27726084406845364,0.34932121524530546,0.24157059944642723,0.46075813989144565,0.489387752800049,0.21113820903914915,0.2276619675141296,0.5197414877917893,0.22958754059486497,0.24017873765973963,0.40742433653787336,0.3062567635867244,0.23390840248761902,0.20237905108311427,0.28684649987591515,0.5037169956411255,0.29366171342988123
A51,0.27610436927662896,0.4382569566823443,0.3774980730475025,0.354674421415207,0.43482455296859834,0.5502019359110737,0.46354360205467116,0.33887210952596336,0.4878482854279371,0.28078322140106304,0.46357029446132436,0.333870065637052,0.36504790723771907,0.0,0.5071035839383387,0.5497909517625377,0.3236753297685784,0.48434423845708074,0.37308816584419746,0.5448315824543984,0.3838085804323291,0.47987148081448183,0.49308004593095234,0.6346969900686747,0.48764958395297675,0.5414221277096593,0.49046428636883643,0.36519715554839227,0.5925669300227572,0.6160877315508694,0.3968865879144172,0.39595179432513383,0.45129713278060013,0.3319052422872122,0.49911945749964604,0.4356158060517824,0.5073482886204362,0.40340159544840126,0.4310769047590999,0.5436891846362624,0.596044962307575,0.5238921925664186,0.4214479711713284,0.7162913419826018,0.6033047000389116,0.3022998410637002,0.34840066874863884,0.4472666982654061,0.5009056496584672,0.48472229727663285,0.3161295358764956,0.4722283912841615,0.47261269380761983,0.34768745632380926,0.28413427825916626,0.5727836351145095,0.5167569741827556,0.4659264680020433
A57,0.39959386629866545,0.26006465257597366,0.3097021098851116,0.2577088809267116,0.19105924820407583,0.3478378947018287,0.1952729826395082,0.3423953437272941,0.3221123669783428,0.2895225496156596,0.33297020048804715,0.2409931454161809,0.24361134991379507,0.5071035839383387,0.0,0.25714458154966313,0.5133166655420283,0.3179132799388641,0.28753346115993905,0.13987523902386845,0.2959765307116171,0.1677179388952441,0.25285164807294325,0.3159027598686118,0.4026799708892873,0.4167319880854702,0.2368829734104193,0.22084082705376018,0.3335930546146766,0.2441288712234243,0.4531762298930069,0.40776956536540954,0.33039311276682604,0.5208405637693789,0.32016967729309964,0.2370406486485772,0.21477589716461065,0.29545519365253725,0.3955999465975627,0.2891849931676349,0.23901098959132905,0.38740647440300313,0.39046358984362106,0.2591685690457428,0.25376658862710877,0.39351350459194834,0.33339444970961896,0.31894357512458826,0.37464826878349256,0.30940122033575757,0.35127550221861015,0.4023856786223814,0.23138495680028426,0.4286430140979811,0.26760529105187214,0.2382691693907758,0.5377210911942453,0.3031409620246742
A2,0.27277164391663267,0.2164382767167251,0.28237970526574174,0.34068099105986593,0.2954206102294107,0.35983043296512174,0.2733676658506732,0.2593722283925104,0.2010169527032326,0.3787536455405712,0.24662164210553927,0.4098463529667824,0.31361397469476904,0.5497909517625377,0.25714458154966313,0.0,0.4427988964920352,0.2515114708921832,0.3034867242828928,0.25529839392423426,0.33552173484024506,0.31753416123071754,0.3376888769165576,0.28465869229575524,0.42932117441378803,0.5331250880328285,0.227008962322501,0.3605781726340095,0.263008214171622,0.23585068121957908,0.22741906288761882,0.3592092784668198,0.28654357522587093,0.4110641045731742,0.2464764874404094,0.4160001405021905,0.27976515712816463,0.38354984438145623,0.4907581775416251,0.36328303692242525,0.30036422621403014,0.35529838571156,0.31653846963517396,0.27327869115399406,0.35959539511187777,0.26953648941507324,0.3854639043136522,0.22445058648317884,0.3314542605857822,0.259364798550075,0.3599179539406465,0.25542568637094365,0.28718433005825483,0.39934481600387606,0.3345417404177401,0.294609130430301,0.33368096205613007,0.2240296612822943
A28,0.3995348613142109,0.46054288990954495,0.542251304261422,0.5587316996465453,0.6028412083920285,0.4127440874158176,0.40715174006152866,0.44274598717295177,0.34429531999893803,0.310708772469084,0.3717727240212052,0.39147306115581004,0.4571554092224893,0.3236753297685784,0.5133166655420283,0.4427988964920352,0.0,0.4110506364996007,0.3592606451360205,0.5870747678933598,0.5179664136182112,0.5889075230502692,0.4969412395881997,0.48277495234288503,0.41441743932801256,0.5128333018521407,0.38748284309647063,0.38198914513403215,0.5082639497447152,0.5595518117455338,0.41064761060633426,0.38494621502862736,0.4379888369959912,0.5484339222153256,0.4504336594289964,0.5843779551115781,0.5551673742516037,0.5243523967428894,0.40197083907349507,0.4517326716025599,0.48990827545502735,0.46146673282074424,0.332582221881106,0.6830339345165722,0.5630004450185511,0.32450229745945436,0.515529371376419,0.4491817244097439,0.43251044646828474,0.5487606217842804,0.6316883400077595,0.5456134064356861,0.4931012431644759,0.47980641990791906,0.4193729096758395,0.5594474961627662,0.4326778313523568,0.45349795849788666
A85,0.3172792105436243,0.36471083187398057,0.32298087102371853,0.37746292330963194,0.3001909320638161,0.30013357151838704,0.2520963674084966,0.23927610218412065,0.28600424535101765,0.3790606273549555,0.25570186269162487,0.44431928963424316,0.39618493249540765,0.48434423845708074,0.3179132799388641,0.2515114708921832,0.4110506364996007,0.0,0.273391790325451,0.30645331571352274,0.4736896187409224,0.3848985264522474,0.2775058495419668,0.43038490878521185,0.4695026726508106,0.537576633829436,0.3413967716667575,0.3925580605647243,0.4160126714375746,0.405706594567414,0.19673935004734588,0.2874099915211282,0.39870382290766915,0.370873550721319,0.2575766285233616,0.41137286931124817,0.3431798409928519,0.36243174211658447,0.36494331996672624,0.24809302982184578,0.5688853000084122,0.4611053533355274,0.31921997481322784,0.46301760057384733,0.3246212595128919,0.24311195447518474,0.4579032493177353,0.2738841160300406,0.32336224965736404,0.3587561820282127,0.3548759512299893,0.28823121406970376,0.37543011331269804,0.41390989910550535,0.3424435049560064,0.34019969753563917,0.304055497809394,0.2386277060629879
A95,0.3388667307233354,0.27802402664510273,0.290105942084398,0.26583512264512543,0.32595890609969147,0.39829483935771104,0.1797282367659958,0.2631297204778782,0.35543717241845296,0.32013747135663395,0.27162806736236866,0.3084004682160153,0.2718911061778543,0.37308816584419746,0.28753346115993905,0.3034867242828928,0.3592606451360205,0.273391790325451,0.0,0.3271764351238251,0.4157738317159637,0.32648346473271295,0.3021065665756535,0.32344200977223236,0.3473139820082243,0.36981124501284834,0.28019699725032376,0.16221371359802828,0.4489068300457285,0.37795629662336405,0.294302858806483,0.3624377219302921,0.3414411073160065,0.4424741303331299,0.37676553109034494,0.42035786893490457,0.273362215896679,0.3826520625324392,0.3747945701113302,0.23179655659393172,0.4020659355119848,0.3834477406482676,0.25630048375064585,0.32131316869382587,0.26794394362056984,0.29171227490654417,0.39260046980937624,0.2736769365353209,0.353039696878261,0.33913245071261977,0.3308795677849681,0.3758819509594289,0.29734145846712634,0.34838092936170306,0.238555194862361,0.21897086432810486,0.3752776348771629,0.2798732183057602
A7,0.43508807269124417,0.29573981842009067,0.31947009101269064,0.31860317269209015,0.17660985543524244,0.4143092027505686,0.2415690209389263,0.3364865055298577,0.2971699626522659,0.26868154969863467,0.3284929703924323,0.34692058038047235,0.30363569503560384,0.5448315824543984,0.13987523902386845,0.25529839392423426,0.5870747678933598,0.30645331571352274,0.3271764351238251,0.0,0.3548658776947945,0.17910806922122957,0.25929746453382063,0.32545058255044357,0.48388974682019104,0.5240099135978592,0.25542290507637155,0.28353280569176764,0.33770449644042777,0.259399700301454,0.3744265129701245,0.45710560416356816,0.36244082109801656,0.5206732897537641,0.23643524277913797,0.17102100228265515,0.2423617205483768,0.3042048339507524,0.5504465594676365,0.35997565658214825,0.3537213813092176,0.493423593442319,0.4369438189273088,0.3130591482182229,0.23386277810650358,0.37153231446515833,0.39672610695433874,0.3577791665653717,0.44069890413259183,0.25958952147429026,0.2802493426941799,0.34099737049331647,0.19928068948717015,0.5074721975869834,0.30485821772347566,0.3076615072148413,0.5586444760647091,0.30906267267099363
A12,0.31441312063535565,0.3771990852016346,0.4136860887721998,0.43414773112521954,0.3796662175850204,0.4539997986097919,0.4081256615979064,0.42915204180613176,0.34999331127163025,0.36801030469958507,0.41623636767097116,0.2823014950417866,0.35347239329279556,0.3838085804323291,0.2959765307116171,0.33552173484024506,0.5179664136182112,0.4736896187409224,0.4157738317159637,0.3548658776947945,0.0,0.3954359779264741,0.3363896792367109,0.4176275886143177,0.46780443840780583,0.4296288869706686,0.3754857190589347,0.347756884442055,0.3966192406821669,0.34591273163739455,0.42677355748765156,0.3525054269993563,0.269722462759566,0.4711656261922662,0.4150711472387556,0.41312086841717865,0.22099602789412076,0.3466542285764812,0.4219620158111441,0.42635643615019725,0.36576192944362385,0.40131833703023123,0.3933965991010413,0.36886719609452057,0.3483152775298626,0.42869715909256245,0.43377697229696077,0.4135316060035399,0.4213215826146456,0.3583454034416863,0.41081035394123167,0.47711194509039345,0.34058887523440406,0.4803516116880361,0.4525007256253143,0.348812784336203,0.5311477157048037,0.40144153482048794
A13,0.43576456876232306,0.3466532281083671,0.31662407508735835,0.25197363062820965,0.28170004769919854,0.44543439262833207,0.2631809369196213,0.29023147214679845,0.3771980326084974,0.33286380529171333,0.3695014747896759,0.3600346988739851,0.2894796764075076,0.47987148081448183,0.1677179388952441,0.31753416123071754,0.5889075230502692,0.3848985264522474,0.32648346473271295,0.17910806922122957,0.3954359779264741,0.0,0.3115310260830274,0.33758140168015816,0.37907914248499974,0.5264817553639954,0.2870735517270372,0.2960289319273752,0.40215837704365476,0.35799152185897676,0.3777781305644047,0.46435100641161975,0.39123154479856503,0.4928847048405697,0.32785867067698815,0.2150617896073005,0.2836704737826502,0.3527833842747672,0.5201289600350252,0.2920146007981773,0.29386177092682475,0.41204103620121557,0.40762595245078503,0.36225162984791337,0.3192762711724919,0.44095359034120074,0.4185904009049485,0.37909588140023187,0.3980302043538889,0.28652164545675696,0.3121629222062483,0.3715296124880043,0.24381179923246654,0.4305011360073542,0.23165781882132108,0.2806202561349407,0.5421050797439708,0.35655439685865487
A31,0.46350524327060927,0.2908366813182208,0.31894147135085127,0.4253886942852442,0.29958818448865154,0.32421671744978364,0.2994835740009212,0.2737630485521041,0.3191829437610807,0.33948250123449253,0.21197424717168223,0.4018076116585746,0.45794725657064395,0.49308004593095234,0.25285164807294325,0.3376888769165576,0.4969412395881997,0.2775058495419668,0.3021065665756535,0.25929746453382063,0.3363896792367109,0.3115310260830274,0.0,0.28027232172232697,0.4953006713473206,0.4268984087697092,0.2835590448598745,0.3204984335455726,0.2760105318282293,0.30591966391496617,0.2950315040771203,0.5087205856637057,0.3038167218273544,0.40924858552021315,0.23909128159906234,0.2667679160354489,0.2933797415929813,0.48077997810343165,0.40445295921429614,0.34740559011871464,0.4083598892394773,0.43624719415691526,0.3510309541409755,0.40991563765607675,0.1818088612625518,0.24793856388703728,0.6026628876513686,0.33770728191540567,0.2536530658324936,0.32909728850780384,0.4564791087557706,0.3444780336962746,0.18091447400863825,0.5321526329179911,0.34844948379665663,0.21346363962531978,0.3287574579472262,0.3027200029076288
A50,0.5153333395243684,0.2769328297432637,0.3478751594202323,0.45764866064005094,0.4069218713787408,0.43687402764378924,0.28699991393809676,0.33355904717596163,0.2585916803676388,0.3894245175109261,0.3038818591422572,0.44428034060393706,0.35143463043692214,0.6346969900686747,0.3159027598686118,0.28465869229575524,0.48277495234288503,0.43038490878521185,0.32344200977223236,0.32545058255044357,0.4176275886143177,0.33758140168015816,0.28027232172232697,0.0,0.5870422417454968,0.48562263624595536,0.21308709948089954,0.33685664534374393,0.27802271267338974,0.2324750479542036,0.3572545592201377,0.5760675001103052,0.3558695024402434,0.5413033575081759,0.32407464736374814,0.3649061646672034,0.2688568543651192,0.5074406725976224,0.5884123847455718,0.3964572568069221,0.3397139455611834,0.27069969589495624,0.3336188138944177,0.2817872167695864,0.29882943936133344,0.43974442888723975,0.5869518643922672,0.35176619865585335,0.30135336736285867,0.27704004760126466,0.5349722068430096,0.35802390491398906,0.19673382371147918,0.5492605699180784,0.34092601463926986,0.2539321312612064,0.4121719124409001,0.24282901898963682
A53,0.39884944900233854,0.5279348276731066,0.6449133905555462,0.46566038915491825,0.5106334101815261,0.5814680345794261,0.4059904880640238,0.5636390834154295,0.4899431763280113,0.4738322616787767,0.48774015072292287,0.3496250861094886,0.5372826355546083,0.48764958395297675,0.4026799708892873,0.42932117441378803,0.41441743932801256,0.4695026726508106,0.3473139820082243,0.48388974682019104,0.46780443840780583,0.37907914248499974,0.4953006713473206,0.5870422417454968,0.0,0.40043138442675774,0.5143438491817117,0.2774077287514408,0.4882705516860698,0.5877025883178426,0.48487975609137757,0.37387114737535765,0.3402754703866603,0.6230848844305492,0.5080039029619268,0.5424467759145948,0.5091016196581319,0.4820638603582459,0.489835416598671,0.35265640335649207,0.3842909788145735,0.5088386354166822,0.3685972743153092,0.5008898261125846,0.4440858254324709,0.4197742437556802,0.45051944241967024,0.5121136425015712,0.47567762492513566,0.6804726845967233,0.5822604446152243,0.5847135909748631,0.5782172945904842,0.5296272942873855,0.5138692454773066,0.5572539180220849,0.6916945947925242,0.6250176746463363
A96,0.5505082528642404,0.49525254247227346,0.595447828642821,0.5851815444079974,0.43151134256096624,0.5240884319567816,0.3529814707643213,0.5645464267620989,0.531626315640404,0.5241438282696596,0.391861432622278,0.4030543287865077,0.5263731235880347,0.5414221277096593,0.4167319880854702,0.5331250880328285,0.5128333018521407,0.537576633829436,0.36981124501284834,0.5240099135978592,0.4296288869706686,0.5264817553639954,0.4268984087697092,0.48562263624595536,0.40043138442675774,0.0,0.4989954928971735,0.3325873268176217,0.5328232894070233,0.5731563486061366,0.5600058306445093,0.4726464808639742,0.2976597607766127,0.6407466553298777,0.4994754358412422,0.5598922368860831,0.4890393783522078,0.6847640670164187,0.5097485513929794,0.42505046245295763,0.45465454705759933,0.5265382564113653,0.31501906336554286,0.5237549901605045,0.482371826115607,0.45896664649272567,0.6493536469310435,0.6459270089645248,0.30288270793279815,0.6030931758922162,0.6731669434351053,0.5552716850956019,0.43652340201835427,0.6540232937537764,0.5827530289456425,0.5210713381911185,0.6373801912054395,0.5889610856297907
A22,0.3440926671813046,0.20543051097998288,0.25929844897891285,0.2727158919429459,0.33673867157577864,0.2961267035952664,0.2204776069586858,0.1828360742378834,0.25494842088892655,0.3027259472808619,0.20773681069573124,0.410721402598326,0.20412740401540286,0.49046428636883643,0.2368829734104193,0.227008962322501,0.38748284309647063,0.3413967716667575,0.28019699725032376,0.25542290507637155,0.3754857190589347,0.2870735517270372,0.2835590448598745,0.21308709948089954,0.5143438491817117,0.4989954928971735,0.0,0.24174390497281673,0.26521396876629033,0.15525583970586176,0.232069739597617,0.46059286510269937,0.26004740159837847,0.45792774672394965,0.34563036247790957,0.28047074570303876,0.20386868020633642,0.4349548433138136,0.39062971278742764,0.3383846188947641,0.2934201353282818,0.34719783589959496,0.3276464777890924,0.24945168477962287,0.3579477864185864,0.38575644432618583,0.4147135526830854,0.21752142985910017,0.34051734594808525,0.17515979347490318,0.38365377107670207,0.3207811761572028,0.1765358480962783,0.35791216451275054,0.2697521812326942,0.23781854525736967,0.36444624247075796,0.2449283069392204
A44,0.3702562900674222,0.2871936730641973,0.3870636211809223,0.2572285466226216,0.30804699152655457,0.4854868206317099,0.23646694877807073,0.3617504778384949,0.34375543493460814,0.2579250830773989,0.3326185326087445,0.24092360552673286,0.23493197348354145,0.36519715554839227,0.22084082705376018,0.3605781726340095,0.38198914513403215,0.3925580605647243,0.16221371359802828,0.28353280569176764,0.347756884442055,0.2960289319273752,0.3204984335455726,0.33685664534374393,0.2774077287514408,0.3325873268176217,0.24174390497281673,0.0,0.35166981293223876,0.3117618249124354,0.4047916986092698,0.441512415335682,0.34004281242709156,0.5459009343075326,0.3955757474124524,0.28367579345057403,0.26856631911479034,0.3877437438173046,0.4080309108556387,0.24975652121939906,0.32334872344931476,0.3774042868610147,0.28428480075327067,0.27205865572353394,0.28785172042005747,0.34087571260148863,0.3294053063064222,0.28270263014425945,0.3476422210198925,0.3711152711429796,0.33479143515993015,0.4571357625972555,0.29963318690146734,0.375801086387173,0.2793321038106592,0.30605083500230157,0.5519506000472421,0.40774848846764833
A46,0.4635093228473234,0.2500485790997634,0.3420803830343404,0.5385280237790162,0.41851420037415454,0.3792493650301828,0.42992350982949257,0.35184181935362413,0.3013184457242516,0.390556634683103,0.25713565773499114,0.5071919764229462,0.48984316153161345,0.5925669300227572,0.3335930546146766,0.263008214171622,0.5082639497447152,0.4160126714375746,0.4489068300457285,0.33770449644042777,0.3966192406821669,0.40215837704365476,0.2760105318282293,0.27802271267338974,0.4882705516860698,0.5328232894070233,0.26521396876629033,0.35166981293223876,0.0,0.19676940532933918,0.3506380496516647,0.5355528270271873,0.35749588435930413,0.5041012381835712,0.2446574862467642,0.2720460207673806,0.34477563572813463,0.512369792139779,0.46304060055511675,0.43313459386418696,0.3880257953158629,0.4947019975665058,0.3522753987516415,0.3751465414956908,0.3710406768505524,0.337532404331234,0.5980849211848385,0.28192794002794275,0.28798189433948085,0.37553644351881865,0.5198532638488628,0.4084362861063128,0.26633821007659364,0.6166358683223998,0.4240805836022006,0.3709966116859813,0.44329943315057907,0.35363529672274807
A64,0.39170447184121326,0.18706473686305258,0.2707171935289663,0.4230206883051417,0.3050347705220372,0.29693642390562247,0.26662661844942726,0.32834308081358476,0.25773496480924996,0.367245678051493,0.2520607737451903,0.4090316894907843,0.33319664354008705,0.6160877315508694,0.2441288712234243,0.23585068121957908,0.5595518117455338,0.405706594567414,0.37795629662336405,0.259399700301454,0.34591273163739455,0.35799152185897676,0.30591966391496617,0.2324750479542036,0.5877025883178426,0.5731563486061366,0.15525583970586176,0.3117618249124354,0.19676940532933918,0.0,0.34636427179106977,0.5454970396046874,0.3316293141997241,0.47658655902781655,0.34897036309382135,0.3195477592717889,0.2501875470795968,0.35221234591376405,0.4801976750471074,0.3928213578834088,0.36521368677873955,0.43415722808184,0.4235584609545332,0.23087646802357287,0.32410104097648074,0.47522744998106004,0.4674804921654109,0.22857580075853223,0.3363288430286059,0.21034889281706137,0.39159817672279507,0.36908175734931237,0.23748008297535694,0.47924099297871503,0.3850991077052791,0.249272085780474,0.3977047609985296,0.2363361297335823
A99,0.2817961908620149,0.2897802503408251,0.28720322361681494,0.38892335456483074,0.4012978587104199,0.33158774521604983,0.32728899649971743,0.14325131727452867,0.2879122087615271,0.38261878409757033,0.18682188285990475,0.5303659791515476,0.4004797749891933,0.3968865879144172,0.4531762298930069,0.22741906288761882,0.41064761060633426,0.19673935004734588,0.294302858806483,0.3744265129701245,0.42677355748765156,0.3777781305644047,0.2950315040771203,0.3572545592201377,0.48487975609137757,0.5600058306445093,0.232069739597617,0.4047916986092698,0.3506380496516647,0.34636427179106977,0.0,0.3515732339789367,0.24359855977396838,0.32199768800210393,0.28098569404923923,0.4256322831973919,0.3228169919998639,0.46502444940609866,0.45747280027038606,0.32736046242634453,0.5269984052060946,0.4143379380979578,0.2418565721067294,0.5147593571737885,0.39069751130792285,0.24758227807182887,0.5254142020786143,0.27257985389373096,0.2820560623117333,0.28304661924538,0.35924827901902023,0.17798552216410535,0.31267276527796184,0.4143386957572973,0.312084232795688,0.3550558865945397,0.2474028004091685,0.22217700659298945
A17,0.27494257007572787,0.462224500863046,0.49963168103080824,0.4997318180394602,0.417384941006431,0.38838108493297596,0.3694696464206837,0.4072334408984065,0.40619118110022556,0.44525138804897124,0.4439075021830776,0.4303066993545872,0.42417675483036965,0.39595179432513383,0.40776956536540954,0.3592092784668198,0.38494621502862736,0.2874099915211282,0.3624377219302921,0.45710560416356816,0.3525054269993563,0.46435100641161975,0.5087205856637057,0.5760675001103052,0.37387114737535765,0.4726464808639742,0.46059286510269937,0.441512415335682,0.5355528270271873,0.5454970396046874,0.3515732339789367,0.0,0.3391046888647741,0.34359898927189136,0.41645346811786776,0.508963423323813,0.3372849560575485,0.30878429429841636,0.28585905972812065,0.2936405273671099,0.493401530767703,0.41522915083698764,0.3296010073146094,0.5517632562620809,0.5216875720604247,0.37154051324960424,0.3598549170475157,0.43964910742358565,0.43835594740826267,0.43637993813273057,0.43859314735258215,0.35838181024595794,0.5046508427298426,0.3467354284261587,0.46478675955744075,0.5197964774471466,0.4717977763603145,0.3517999231801494
A21,0.3298585570252437,0.35546740098447516,0.42133292112690657,0.491573182017478,0.3528959338307316,0.3362369950945462,0.2983884852457651,0.353936830417534,0.33217246767837305,0.4035978115730967,0.2590696564304872,0.374930768385772,0.4534280767907888,0.45129713278060013,0.33039311276682604,0.28654357522587093,0.4379888369959912,0.39870382290766915,0.3414411073160065,0.36244082109801656,0.269722462759566,0.39123154479856503,0.3038167218273544,0.3558695024402434,0.3402754703866603,0.2976597607766127,0.26004740159837847,0.34004281242709156,0.35749588435930413,0.3316293141997241,0.24359855977396838,0.3391046888647741,0.0,0.46528754593837274,0.3846464504755599,0.4383023727794484,0.2968351064988968,0.42261076740882453,0.43680582801538437,0.3462134320351383,0.34586607837812733,0.39694649513125724,0.3155094832459231,0.46120497521082393,0.4041457716938244,0.3329758598759479,0.5157404064036883,0.4476658723153205,0.2627557768189376,0.40511031319579105,0.5189863273442225,0.2904320224763899,0.31260041383406234,0.49708797795862325,0.4451289973121946,0.4233012311887918,0.4529431832274782,0.3170720958730374
A41,0.26878455855479433,0.32906907008320985,0.33512198254296277,0.4380336304420842,0.3324268089896253,0.45951192902938454,0.44064755873693173,0.28308751398282817,0.4788589500036182,0.46171378272190033,0.4182850917158035,0.4814451114527082,0.4757165464884763,0.3319052422872122,0.5208405637693789,0.4110641045731742,0.5484339222153256,0.370873550721319,0.4424741303331299,0.5206732897537641,0.4711656261922662,0.4928847048405697,0.40924858552021315,0.5413033575081759,0.6230848844305492,0.6407466553298777,0.45792774672394965,0.5459009343075326,0.5041012381835712,0.47658655902781655,0.32199768800210393,0.34359898927189136,0.46528754593837274,0.0,0.3487177419935038,0.4977772452241468,0.4404438556166008,0.38639336900021437,0.463691064638445,0.49937977777041154,0.6817274397181226,0.5376856375585579,0.5009638100900939,0.5954594359275016,0.5783867607110174,0.3116269030064509,0.43172210198912975,0.3492170758541101,0.379952084840229,0.35898103887789434,0.3271301700395668,0.262567597957281,0.39787495602815925,0.37586092499035995,0.43446038330333925,0.4822026032442749,0.37667282702034,0.2946987409019688
A72,0.381837706600588,0.2774054411968936,0.3344470054905998,0.5082589824020356,0.24847588614134242,0.3272045522632512,0.3196702635761184,0.32925251453707804,0.23381903625066192,0.3291499214317902,0.25989918202062956,0.4069313033451569,0.48267986571294985,0.49911945749964604,0.32016967729309964,0.2464764874404094,0.4504336594289964,0.2575766285233616,0.37676553109034494,0.23643524277913797,0.4150711472387556,0.32785867067698815,0.23909128159906234,0.32407464736374814,0.5080039029619268,0.4994754358412422,0.34563036247790957,0.3955757474124524,0.2446574862467642,0.34897036309382135,0.28098569404923923,0.41645346811786776,0.3846464504755599,0.3487177419935038,0.0,0.3226107461497949,0.40479183294568044,0.42680543888634115,0.5675829885067042,0.39426274135802375,0.49825191002292735,0.5342771548120842,0.34074401364400875,0.48612115105816056,0.32192022106602924,0.22407699791839752,0.5146467552974081,0.31848976406782925,0.2551010544654647,0.33337713630147026,0.4144006224057052,0.23038679837959675,0.27673653585663427,0.5248686204404438,0.37544335001848306,0.3668091936866429,0.32516326517500327,0.3013614220926678
