,A4,A35,A58,A63,A89,A94,A36,A42,A47,A59,A75,A98,A40,A51,A57,A2,A28,A85,A95,A7,A12,A13,A31,A50,A53,A96,A22,A44,A46,A64,A99,A17,A21,A41,A72,A88,A92,A15,A16,A23,A70,A8,A20,A49,A71,A78,A87,A100,A55,A62,A68,A5,A24,A27,A48,A74,A77,A82
A4,0.0,0.34503604177994196,0.3781170387925872,0.34636548487103913,0.37761876686650686,0.7108002995365768,0.4552969758754969,0.4757789156077624,0.6002776580049748,0.5147573827074263,0.46199296558893355,0.36548181170616967,0.4466983870665848,0.25306982597773575,0.5050147426316678,0.5170856325003899,0.5609302099757467,0.4275103406011411,0.4483970911816205,0.4075863047287428,0.38426576167295334,0.45217235426590296,0.4811443704233934,0.5915306121094364,0.3941438747267054,0.517919647185792,0.5084732434359884,0.5227931329305227,0.5273347437707172,0.5511226354057079,0.4556112878594035,0.5022791728742109,0.39265533065310665,0.2584568927825578,0.3959661350270328,0.4703949329835382,0.5304452922733135,0.38605276467732386,0.5290964435753365,0.4843806279720049,0.4942586463080828,0.6684468730231092,0.3972766698646846,0.5555841395609149,0.45096226537988615,0.45831951454867614,0.4263903516263351,0.5014664975320335,0.4385310722163932,0.3951270998190799,0.2398114205102716,0.4096226321828772,0.4580391293853645,0.3937272566979889,0.4500245118680969,0.5357238633179442,0.7089326299149232,0.5132126263070085
A35,0.34503604177994196,0.0,0.2874002618597554,0.4463175342928726,0.2371882610936512,0.4089796796313844,0.29843843175388374,0.4322665841117328,0.33660992434442105,0.41264544996343333,0.24505121876337077,0.28149967520323804,0.41381824340946893,0.34569961066470734,0.3285476634563499,0.2876954724559255,0.3476096948003734,0.45991585022609593,0.3003069502255432,0.3148356009679446,0.3553260060127751,0.4431030092143078,0.2770855708773724,0.3344427192260212,0.4523579051722164,0.3514451403961336,0.33324819351695123,0.3138770249513827,0.2977751224156491,0.3110083703910035,0.4362099230090092,0.49024213353411983,0.3276609591780837,0.3612512402578092,0.23894969404475652,0.3361478354051549,0.3778859032096674,0.36125924491413397,0.49911043945536426,0.4278849614754834,0.318817534021948,0.5056712306035804,0.28127042813820424,0.40172159664904894,0.3008765648389785,0.24010108285188314,0.4641979334214533,0.40554557941586633,0.2752329139175146,0.32829454642210254,0.37942298671377117,0.3056896570732657,0.2935484494899929,0.4702070515975504,0.3175824165353366,0.3685933649875077,0.5141454530815294,0.3739461273240908
A58,0.3781170387925872,0.2874002618597554,0.0,0.412331837711565,0.26329868953259694,0.4929190256521282,0.3458995172208722,0.5042849867390818,0.47881481208011833,0.4737068097005571,0.36708426999525734,0.404519243331662,0.3042270944985218,0.4105850545200589,0.2672033303694066,0.5257271717015168,0.40180068414456727,0.46460952084256124,0.30350803168296914,0.37736713738324357,0.41752089849515495,0.4430850135805794,0.3276893150031026,0.45096814717837275,0.5784502615692879,0.40605543829155144,0.4295261228598546,0.38306223057833266,0.3801865991146318,0.38894480680183463,0.6677792322074367,0.6223948781017541,0.5254869556060275,0.4864976998813766,0.283383849217,0.3410925709165672,0.3775964093989984,0.3959558054607064,0.4544227119739688,0.39128667716004184,0.41924166281294006,0.6461684630303532,0.4535119993848731,0.5098924838622101,0.3303289406164732,0.33513177228277646,0.3977056262255686,0.3645341142934987,0.5292351551587738,0.3604351346505327,0.30287464151792587,0.506711159595935,0.33520138919663267,0.5459947589030818,0.30740531174889185,0.3431461655504361,0.6671196706621281,0.4285106611133196
A63,0.34636548487103913,0.4463175342928726,0.412331837711565,0.0,0.3371582763446701,0.6347105013646441,0.3948904881170493,0.32759275431270574,0.6863259689802228,0.5651291192827774,0.5192167708154312,0.44123085778999704,0.35819866772302056,0.4191686143588891,0.4554390519307091,0.4635634037746873,0.5255327622591148,0.4680387916336436,0.3046575175753691,0.3912129854188874,0.5203485235581149,0.39688289852826275,0.5103719974239234,0.47503358822719877,0.42585773526015536,0.6052506529241954,0.3808076930098686,0.3876851361302137,0.5027945192804057,0.5196035347619345,0.3979780897356703,0.501745678632411,0.4507858082678764,0.43752789957720595,0.38520789129560096,0.5112838343612505,0.3355502305567444,0.40134791084069377,0.4562204995181661,0.5042958584532462,0.4505692403760344,0.6641697858319328,0.43512532854428354,0.4215565953629573,0.5385719840404168,0.4054067211718707,0.3575860465234616,0.40952811891368124,0.5113808207553776,0.34234027530592015,0.3180093512201789,0.4268979214156884,0.3443804106947881,0.3849618727391062,0.37175674830483474,0.3321236167482817,0.8263530061755303,0.4263062390488198
A89,0.37761876686650686,0.2371882610936512,0.26329868953259694,0.3371582763446701,0.0,0.39596491748135965,0.23906706123229227,0.39465243783619797,0.4577509481656976,0.41080741345268135,0.2905824792284023,0.3059519062475696,0.2984091482474561,0.3927748052044181,0.31708536790036934,0.43085791218140257,0.34413717274679534,0.4453393569108134,0.23362784033747963,0.1834996336385173,0.44675992375032314,0.46206223832206184,0.282878660405555,0.37760744737093965,0.5178282966702152,0.3459523930403592,0.33332734520676055,0.24199178855803605,0.3904184663073802,0.3298138303645982,0.5603667783269788,0.6203302173695804,0.3761500595480012,0.4685634376264344,0.1311887952867613,0.2594078033272358,0.36722031878095485,0.34217387512083397,0.47804080163837626,0.41413230822553826,0.3983074502872511,0.6271846376622573,0.3353482296840171,0.3823024771411204,0.36290161030092793,0.24041497499071285,0.3208979043600788,0.3732742156625998,0.2975567431930106,0.31626359303900564,0.2911694423340303,0.29910943846355253,0.2523134174363718,0.4545557065783281,0.23204928290767113,0.27920034731438714,0.6754532424030375,0.41719104081098113
A94,0.7108002995365768,0.4089796796313844,0.4929190256521282,0.6347105013646441,0.39596491748135965,0.0,0.3358986649759841,0.4438483601376776,0.3057438450407006,0.43036373266596184,0.2770884487112144,0.4151232542791041,0.40880114992623295,0.6637529464796201,0.3746463997968207,0.4760401572414906,0.34994382015910996,0.4106854213338492,0.4304338047646924,0.3805044781381307,0.5386553989599314,0.5090632530288156,0.2951550627213747,0.3850318205381644,0.5480198252563906,0.4090618648523143,0.27759651610851066,0.3459915493316318,0.34803695089151276,0.19667030006022268,0.5707008245530985,0.5084729100929135,0.4178394909380069,0.7587511915031755,0.31481034524951157,0.35689190030474705,0.42022601928214454,0.35405093609460436,0.37473650865523656,0.3836420864698892,0.4842062412052911,0.5753743200545081,0.34104176050821633,0.35733041224199447,0.37853945423178903,0.42650655630906364,0.5488659107020031,0.42075510935705873,0.40488587593396086,0.37395786137040077,0.7081771675860982,0.48834839003571484,0.34574453284137263,0.6063171838703819,0.402498057780604,0.40434601148323257,0.5593172325038737,0.45056931413207457
A36,0.4552969758754969,0.29843843175388374,0.3458995172208722,0.3948904881170493,0.23906706123229227,0.3358986649759841,0.0,0.33633663632891886,0.305085304889712,0.46989723715655185,0.24419340804970102,0.3113973099383417,0.3755864527510838,0.4930603724379964,0.3947555932236779,0.42019087988098036,0.2879837599554589,0.36880848319153814,0.20356208083080773,0.26273360420829195,0.4916221478595818,0.4442986833886742,0.3216317648943744,0.29951505861498473,0.3949435891784626,0.26943131665694786,0.21967516256263842,0.226727391282721,0.344610986475936,0.24418465347555518,0.43238726546321504,0.46616827954977336,0.3343785172340267,0.5233199880855188,0.20295938855808615,0.3101013239690038,0.32013217797664073,0.4484554831679761,0.4590398124833086,0.2942708048341669,0.320938100318778,0.5301595860111626,0.24709533381489424,0.31188398422812735,0.3296951316417881,0.2839053043097506,0.4151458913069852,0.3882740476925275,0.2508488100360755,0.3832398298254768,0.40360266595423966,0.4024824749467083,0.32760685294101766,0.44679131786994386,0.27978619581319064,0.2590184184639297,0.6508877376187863,0.4514311947667211
A42,0.4757789156077624,0.4322665841117328,0.5042849867390818,0.32759275431270574,0.39465243783619797,0.4438483601376776,0.33633663632891886,0.0,0.5425564141757835,0.5000160754585352,0.32280922581276894,0.4719670065299938,0.3867007650981037,0.5042336127602784,0.5036056638478237,0.43536249505339264,0.3876124903927717,0.40642730220169887,0.3171907152840211,0.39695760918968725,0.5499218341294306,0.48284562664109865,0.4696626573092484,0.48275608665885716,0.5459382442804983,0.5523733297149453,0.2782279453318829,0.40719826648466984,0.4304776845703432,0.44815465525992815,0.32202729649198547,0.537138360219023,0.49919145163098766,0.4490529483693453,0.35790456195235776,0.4701952792677274,0.45050412614747026,0.5499951180799172,0.42466357199477633,0.4441771714554885,0.47811620365079566,0.5964762075083052,0.2995552367066566,0.5163568608280183,0.4965560078903648,0.4315886486734094,0.4679820181366281,0.4161707334655931,0.38646907671977015,0.41177500938299183,0.45793755617615284,0.4685792744632207,0.34168379122854864,0.5252625906082269,0.41187038078551474,0.33612280761581337,0.658645232846391,0.41966374117110095
A47,0.6002776580049748,0.33660992434442105,0.47881481208011833,0.6863259689802228,0.4577509481656976,0.3057438450407006,0.305085304889712,0.5425564141757835,0.0,0.40122524207727783,0.4004146117073537,0.40072289988292187,0.49765600069087446,0.608316839763329,0.4513049508086501,0.3488298975453602,0.3163766482022905,0.3689461516131848,0.4328494425972039,0.41606671831083164,0.5059532873446029,0.5420454156282941,0.2930786772154548,0.30026157888010097,0.5509571341343114,0.4012253820376588,0.3730319250225078,0.40901027902518317,0.4746190088832589,0.27517396155366725,0.5815023067454685,0.4993259404384345,0.46276000479499313,0.6542885152548288,0.34860152548682843,0.40795234170124306,0.4214620797467844,0.41524609729755957,0.6040726303867701,0.3924236708548421,0.2505551050567134,0.4764872686902616,0.3841294767205875,0.46306509806515006,0.30086726873625247,0.40951429761695024,0.5296454814906377,0.5048482749354957,0.3839106177111863,0.44898826804430547,0.6675436745911167,0.47453619790628143,0.47598802678412233,0.5953668825445795,0.49524878183203724,0.40754453622237985,0.44461304615935937,0.4584649663055017
A59,0.5147573827074263,0.41264544996343333,0.4737068097005571,0.5651291192827774,0.41080741345268135,0.43036373266596184,0.46989723715655185,0.5000160754585352,0.40122524207727783,0.0,0.46447855154323925,0.31359441054728976,0.31501476953600027,0.3965836011967293,0.29923171549441274,0.4931636063583935,0.3308346706558649,0.38511006212536214,0.5026573611191776,0.29291822689892766,0.3924275931624226,0.4674140775826494,0.36542331972442477,0.551457626995872,0.5506737555192431,0.6219747718375886,0.4281697746773473,0.45976470314675666,0.40168210221799006,0.29831987099474455,0.6735853873570418,0.6444561874489371,0.5257376928450839,0.6273475422454025,0.4036684019728418,0.3343996823696225,0.4935623319306206,0.37583625335070436,0.4189258344064041,0.44269607664250366,0.41880321280198374,0.4549279235400525,0.4222484933695685,0.5721043670956358,0.30424740750688906,0.42260368951355864,0.33311925905038453,0.42063587781931133,0.5201923783686693,0.484929094263605,0.4742583667296528,0.5704501876614896,0.33736206265817803,0.4634095411731418,0.38879778008821186,0.5128891493929988,0.7066999939592408,0.43073218296688787
A75,0.46199296558893355,0.24505121876337077,0.36708426999525734,0.5192167708154312,0.2905824792284023,0.2770884487112144,0.24419340804970102,0.32280922581276894,0.4004146117073537,0.46447855154323925,0.0,0.3729396736824341,0.4147238873114786,0.5200851709925196,0.3174680556883933,0.4007857617221201,0.2699326060828139,0.37407985578954994,0.3042489574493311,0.28309318551718876,0.4778707686237873,0.4709892148818332,0.2986793060936094,0.37676210664630383,0.4217314581284751,0.278482837375727,0.1927875038614386,0.27379010151342575,0.2790397740701356,0.30857734790277813,0.4431190524518833,0.5497100051097272,0.3247829271807453,0.5546512407566103,0.21612659423018876,0.31677162271295367,0.3939297005759983,0.4963841604111128,0.4378914442924905,0.3068349552529134,0.423062591145687,0.5385643517354548,0.22433192127308477,0.4258073141395011,0.3338658430112952,0.2701855365004845,0.5226960211460214,0.407733565865403,0.2507307821616074,0.3868398173882951,0.48800997834255155,0.35725841830312466,0.2578024717094084,0.5388718433617852,0.30202248931754727,0.38518840953673306,0.5625020498419366,0.44616720933177567
A98,0.36548181170616967,0.28149967520323804,0.404519243331662,0.44123085778999704,0.3059519062475696,0.4151232542791041,0.3113973099383417,0.4719670065299938,0.40072289988292187,0.31359441054728976,0.3729396736824341,0.0,0.32393398092479064,0.27672586386131326,0.34449629526898096,0.2905938423367721,0.3160083537179862,0.4825753464220188,0.3869795435591781,0.3463215191168114,0.20340033098346055,0.3397950385921956,0.282270165555882,0.321011063235201,0.36469738052360645,0.37537554567721343,0.3920798689584881,0.31827854127359445,0.3800262992134432,0.2686874374188869,0.4686386596770147,0.471315066615979,0.2986543297610511,0.4212368952056741,0.2817770518053676,0.35392448657671205,0.39737433613507245,0.27582009701845145,0.3622206370784826,0.4158871488297259,0.34591005091889926,0.3533366636016334,0.32082450272747487,0.3074707416791356,0.349617946657679,0.27476806348263827,0.4183066485697292,0.4355197457901826,0.34351766091179103,0.3718945224049577,0.4427828348762247,0.3983047033416234,0.25852016386430676,0.3931812702741029,0.2909219433119896,0.32733315779636585,0.552940960639519,0.3376322841252952
A40,0.4466983870665848,0.41381824340946893,0.3042270944985218,0.35819866772302056,0.2984091482474561,0.40880114992623295,0.3755864527510838,0.3867007650981037,0.49765600069087446,0.31501476953600027,0.4147238873114786,0.32393398092479064,0.0,0.48296807400777264,0.28150933993248006,0.43841394461228544,0.29467042845137315,0.42611876207368493,0.3159616290437225,0.2539300946006735,0.4129596230155955,0.4258778509388932,0.3836643334152725,0.4049849440998413,0.5181594367602909,0.551549770579773,0.3270700096294431,0.32869664392181885,0.44058117607200664,0.3244747477488008,0.6532170870481282,0.5232706120700182,0.5419449742827116,0.5429666859622537,0.32570583902202366,0.33824936039306874,0.2980753849180545,0.38394558922501554,0.4128597685390254,0.28347906745290996,0.4996591373573567,0.4196256824938107,0.35254241217950444,0.33926830539276487,0.3171994666739769,0.4531556394832036,0.31447270516101233,0.31088927400520705,0.5437119083546633,0.23339523681612007,0.41307750797853826,0.4969458039011738,0.24406884716186472,0.442950070721436,0.3488685525564037,0.34911687524257073,0.7521740718286815,0.2818294726877598
A51,0.25306982597773575,0.34569961066470734,0.4105850545200589,0.4191686143588891,0.3927748052044181,0.6637529464796201,0.4930603724379964,0.5042336127602784,0.608316839763329,0.3965836011967293,0.5200851709925196,0.27672586386131326,0.48296807400777264,0.0,0.4772935657069195,0.4727424242411534,0.46026208404490754,0.5376313062496009,0.45634327761389915,0.3963231128866973,0.2710930795454898,0.3814741358710294,0.4659040099232439,0.5770023409455248,0.4086244247921039,0.5392767830381728,0.54362601490891,0.5419530188535413,0.5276042891558472,0.5100307587238149,0.41411296832204725,0.5321943807653531,0.37045091819883647,0.3012614900719821,0.41682703938915255,0.3906564192712456,0.4684602736997454,0.4102064901058574,0.49286079397244975,0.5930548558379183,0.5034594033217283,0.5895077285062007,0.46044306213232156,0.6368771498468712,0.4125077701325449,0.34039640279771444,0.5109381083178071,0.6029453925968624,0.45913881361405584,0.4771418527082163,0.3097500323714052,0.4688628982666052,0.3521077318951433,0.5201108312762432,0.3776831812745052,0.5197779613759667,0.6999491400923618,0.5300786300093739
A57,0.5050147426316678,0.3285476634563499,0.2672033303694066,0.4554390519307091,0.31708536790036934,0.3746463997968207,0.3947555932236779,0.5036056638478237,0.4513049508086501,0.29923171549441274,0.3174680556883933,0.34449629526898096,0.28150933993248006,0.4772935657069195,0.0,0.39891139615411364,0.30922443086615625,0.35348711813891065,0.41727812155475363,0.28834094168722424,0.3276845840259227,0.36749198459659715,0.2984750045754172,0.46293644613438323,0.4059037276272899,0.5684808969121707,0.38415627482584513,0.4139043109474504,0.33704978682857045,0.3195922397993395,0.6555929837743601,0.5019714464895835,0.45236174254816786,0.6340712222561484,0.3294030955029892,0.3499496753099892,0.2700005339622925,0.3394096631546698,0.3840943678316898,0.3603980674119732,0.3857691387599669,0.4777658132286856,0.4196625066116859,0.49982294723077014,0.26791806832769793,0.35214420070393526,0.3681208426693281,0.3823060644700136,0.5187655067788965,0.3676241298879608,0.4874335665351518,0.5399228133311399,0.29056921009474124,0.45414142688139236,0.26083584978759355,0.3432316553591992,0.6823391858839188,0.37407385286156114
A2,0.5170856325003899,0.2876954724559255,0.5257271717015168,0.4635634037746873,0.43085791218140257,0.4760401572414906,0.42019087988098036,0.43536249505339264,0.3488298975453602,0.4931636063583935,0.4007857617221201,0.2905938423367721,0.43841394461228544,0.4727424242411534,0.39891139615411364,0.0,0.38963921937315127,0.5617171700367547,0.40859164516859503,0.3930836386441402,0.3083526126940863,0.4523724452223714,0.4213104641037998,0.3188301739127295,0.4315180169277082,0.5305907806072132,0.3303372074383538,0.45075745924686916,0.4068355429330013,0.3790293926776812,0.3890849523224238,0.476383014759577,0.33450083260745267,0.5100406347179015,0.36516577224478863,0.49290031567957937,0.36918241234605087,0.4869295946551747,0.5917855766238282,0.5424142956155547,0.23289174252238698,0.3171189959052855,0.3396618176998579,0.44333058369586065,0.4294593826241161,0.3347241738825123,0.54678406372256,0.5487859152472131,0.39325891172262417,0.4189763730184616,0.6399114041306211,0.40672893411316025,0.347096795717318,0.49278261859917416,0.4549010955526659,0.29259782187978667,0.5224352706654962,0.3468063421467683
A28,0.5609302099757467,0.3476096948003734,0.40180068414456727,0.5255327622591148,0.34413717274679534,0.34994382015910996,0.2879837599554589,0.3876124903927717,0.3163766482022905,0.3308346706558649,0.2699326060828139,0.3160083537179862,0.29467042845137315,0.46026208404490754,0.30922443086615625,0.38963921937315127,0.0,0.34881283299832755,0.3016740722317871,0.3157935603397014,0.3892923863641503,0.47614238681104415,0.37730741800961587,0.3559653594687131,0.42049410565803313,0.4247833290409929,0.24685919507089593,0.3027172094892122,0.3282886901136892,0.27538441620165044,0.5188114013967992,0.4963677043541639,0.4116433873651708,0.6077902145623943,0.30091773828068735,0.3458442019971135,0.33792007445403016,0.43974062195813046,0.3794790585048845,0.3546570883256597,0.40771302996728687,0.4154127316211982,0.31644879120175673,0.4341881814110605,0.3358369667323372,0.30299491915440746,0.4473720691110262,0.32224874065467235,0.3767856092909946,0.3898403006896374,0.5700441350687244,0.5012132474817113,0.3048090358320803,0.5019587886021039,0.3095606733001882,0.3700933963759584,0.5667355475117914,0.38528806952171357
A85,0.4275103406011411,0.45991585022609593,0.46460952084256124,0.4680387916336436,0.4453393569108134,0.4106854213338492,0.36880848319153814,0.40642730220169887,0.3689461516131848,0.38511006212536214,0.37407985578954994,0.4825753464220188,0.42611876207368493,0.5376313062496009,0.35348711813891065,0.5617171700367547,0.34881283299832755,0.0,0.39472318062702194,0.38093773399018493,0.5396929900720846,0.4950312900980819,0.33717033883998027,0.48437613924764955,0.41204061237690026,0.49686922239924336,0.40812803549139565,0.3975196607406808,0.46035885814418176,0.39312112970709134,0.4945657073322762,0.4185006032884683,0.48481792658942147,0.5580230623704712,0.3781267750166031,0.42547203584630067,0.3900966703397519,0.37685088191224236,0.4146130816844382,0.28093389174778494,0.5571470028202242,0.5815855360708049,0.42705963491830545,0.49966642458837374,0.34247578203113205,0.4283510378814659,0.44706116409444996,0.3384404372633757,0.4516463402108626,0.4170764143421041,0.49284732512082985,0.5246054532109621,0.4393277098541677,0.5216211379937434,0.43117342874360454,0.44058173898426944,0.5975981655910971,0.39896645537951625
A95,0.4483970911816205,0.3003069502255432,0.30350803168296914,0.3046575175753691,0.23362784033747963,0.4304338047646924,0.20356208083080773,0.3171907152840211,0.4328494425972039,0.5026573611191776,0.3042489574493311,0.3869795435591781,0.3159616290437225,0.45634327761389915,0.41727812155475363,0.40859164516859503,0.3016740722317871,0.39472318062702194,0.0,0.22229448554510622,0.4875957967087098,0.5058637093680503,0.35782392384519646,0.3236887578585037,0.42252370182623966,0.32418572024474224,0.25652164099714325,0.203571165000209,0.4031213986735862,0.3520252979175942,0.39286324051046895,0.5212558641709408,0.35911433291203054,0.47364277007813016,0.22028983986119588,0.3554605542167789,0.3094488360132762,0.4791514628702196,0.48495531701455574,0.3331065486646647,0.39682792193610117,0.5575879957510982,0.3039333415486801,0.27355901235388436,0.35493049449062697,0.2435605434381325,0.458346485191801,0.330321622477175,0.3462184170923116,0.37480269246968745,0.38889416328054627,0.3918353613457799,0.32500000827603504,0.5454109448429959,0.32623785199096555,0.24563518230043468,0.6622446928038579,0.3949605971243506
A7,0.4075863047287428,0.3148356009679446,0.37736713738324357,0.3912129854188874,0.1834996336385173,0.3805044781381307,0.26273360420829195,0.39695760918968725,0.41606671831083164,0.29291822689892766,0.28309318551718876,0.3463215191168114,0.2539300946006735,0.3963231128866973,0.28834094168722424,0.3930836386441402,0.3157935603397014,0.38093773399018493,0.22229448554510622,0.0,0.4553034322325511,0.43944548077965384,0.39794194312851217,0.46861743163060754,0.41148478673769606,0.426579170633381,0.27565106602968203,0.3397852688135149,0.4092982625438778,0.31385190025195786,0.4981847885040973,0.5781933188137385,0.326213402088121,0.5700585319013605,0.18290413854550513,0.26922091155120287,0.3902067965611449,0.42699948236648166,0.5374953300102572,0.38152233228629173,0.40788378979966466,0.5534556550220742,0.30041793961654717,0.40191232148276745,0.32564380855906494,0.3262308819102665,0.3624874042397541,0.3749387096835459,0.40562483656247583,0.3406227525137159,0.37321496151180544,0.38641317632331906,0.2664029611853348,0.5121171613622004,0.26323593601826356,0.38794917719253474,0.8103177818427574,0.4631970293905371
A12,0.38426576167295334,0.3553260060127751,0.41752089849515495,0.5203485235581149,0.44675992375032314,0.5386553989599314,0.4916221478595818,0.5499218341294306,0.5059532873446029,0.3924275931624226,0.4778707686237873,0.20340033098346055,0.4129596230155955,0.2710930795454898,0.3276845840259227,0.3083526126940863,0.3892923863641503,0.5396929900720846,0.4875957967087098,0.4553034322325511,0.0,0.3807118292220497,0.40598548525414346,0.48028874432493673,0.4433985911947038,0.5168503736137053,0.4715644490079096,0.49326991242075335,0.42258396259743936,0.4101450796493882,0.49656525350181424,0.41260021243655853,0.3672577770783897,0.4219686956874593,0.4073332081787445,0.45692415862434055,0.34788228462899007,0.3684370284229592,0.406867113291708,0.5711303700122891,0.42913476441071197,0.35603095808485896,0.41517822381969527,0.4968086396857764,0.37925174884582746,0.36275556292349953,0.4823959527343934,0.5026900497745892,0.45371453336917444,0.4404843162747445,0.5019066738353068,0.5326569628502567,0.3568949131080835,0.4067545351034355,0.4029826322501756,0.34573513777097176,0.5482186047471644,0.42731998110712444
A13,0.45217235426590296,0.4431030092143078,0.4430850135805794,0.39688289852826275,0.46206223832206184,0.5090632530288156,0.4442986833886742,0.48284562664109865,0.5420454156282941,0.4674140775826494,0.4709892148818332,0.3397950385921956,0.4258778509388932,0.3814741358710294,0.36749198459659715,0.4523724452223714,0.47614238681104415,0.4950312900980819,0.5058637093680503,0.43944548077965384,0.3807118292220497,0.0,0.417380896656688,0.4446624738961611,0.3358717840281298,0.5520102315951176,0.5169061820322222,0.5392344255318515,0.5945269772276534,0.4726759974173469,0.4808519953633904,0.355626865641249,0.43967560266841077,0.5199228197461658,0.31902901041241405,0.5143529595134353,0.386827066048543,0.3034023202134709,0.4329801958518378,0.4382355798660751,0.49257721962786205,0.44810069034420474,0.3926196253199714,0.5141489712379109,0.4605227311045901,0.4296165582553185,0.5421833559956291,0.5529698978119285,0.531571173531137,0.43680011182770095,0.4343312949789587,0.4847463051359523,0.27119317885997096,0.4410647884080017,0.3293723209132967,0.4994643179880459,0.5978440935910109,0.4189349088185479
A31,0.4811443704233934,0.2770855708773724,0.3276893150031026,0.5103719974239234,0.282878660405555,0.2951550627213747,0.3216317648943744,0.4696626573092484,0.2930786772154548,0.36542331972442477,0.2986793060936094,0.282270165555882,0.3836643334152725,0.4659040099232439,0.2984750045754172,0.4213104641037998,0.37730741800961587,0.33717033883998027,0.35782392384519646,0.39794194312851217,0.40598548525414346,0.417380896656688,0.0,0.23581442209536096,0.5281637095860192,0.3828617561808041,0.4054433614293491,0.2939593715339276,0.40062595993106787,0.295889233440467,0.6281901013520308,0.5109777309379635,0.42653657840475445,0.5050496492791694,0.28009208121579066,0.3234304305692719,0.3190628971895372,0.2610819864753058,0.36217028272919183,0.28637966656164604,0.38357305235526895,0.43112150094843193,0.38992757399329614,0.374791131614014,0.19743899692657707,0.2856243296943799,0.43545632656174893,0.41248271085599797,0.357614557196695,0.3617344782609009,0.47786842339652524,0.3565019179241802,0.28316664306133243,0.4490612016327985,0.3514256726236732,0.28119285774344527,0.39460774912991914,0.2694469430292816
A50,0.5915306121094364,0.3344427192260212,0.45096814717837275,0.47503358822719877,0.37760744737093965,0.3850318205381644,0.29951505861498473,0.48275608665885716,0.30026157888010097,0.551457626995872,0.37676210664630383,0.321011063235201,0.4049849440998413,0.5770023409455248,0.46293644613438323,0.3188301739127295,0.3559653594687131,0.48437613924764955,0.3236887578585037,0.46861743163060754,0.48028874432493673,0.4446624738961611,0.23581442209536096,0.0,0.5615100847043624,0.4056548170740073,0.34956214409441055,0.30410982757094585,0.46373500472258933,0.345508044103373,0.5468633349807058,0.5089848633889389,0.44493458669623276,0.5672698528922184,0.32167390575793353,0.4389302726512341,0.27033898843913995,0.3873608439795124,0.567002991786054,0.3691576861267192,0.3289535219262255,0.3177791282573992,0.38669785139412016,0.2770965131689195,0.33223747859387576,0.32920461903566434,0.5200817117285975,0.48258928398922407,0.3597593875455082,0.3507897984063266,0.6184539617534195,0.3451657425126905,0.33913810528512056,0.4713232099544885,0.41946613872810323,0.2864428097357503,0.46280772694690364,0.22889284380334307
A53,0.3941438747267054,0.4523579051722164,0.5784502615692879,0.42585773526015536,0.5178282966702152,0.5480198252563906,0.3949435891784626,0.5459382442804983,0.5509571341343114,0.5506737555192431,0.4217314581284751,0.36469738052360645,0.5181594367602909,0.4086244247921039,0.4059037276272899,0.4315180169277082,0.42049410565803313,0.41204061237690026,0.42252370182623966,0.41148478673769606,0.4433985911947038,0.3358717840281298,0.5281637095860192,0.5615100847043624,0.0,0.5236155379514961,0.4767384803120124,0.4585739864293369,0.47147392174886815,0.4351328316393196,0.4241113531402382,0.35345806435247784,0.34459573216561645,0.558069976867096,0.43139180249357245,0.4988512834040951,0.4368457779646766,0.4589573118343512,0.473240691586984,0.38595212253172917,0.44454341334887704,0.5038152270803508,0.3658005478006572,0.4450666830815918,0.46885967723436905,0.41243394154545954,0.5412481598045411,0.5431674326783023,0.4820749745221201,0.5361172811520771,0.5214713203687472,0.5524744878618348,0.4457861055438854,0.45574373173305593,0.35264252833999143,0.5181508204726286,0.7103897232391596,0.6026820455318975
A96,0.517919647185792,0.3514451403961336,0.40605543829155144,0.6052506529241954,0.3459523930403592,0.4090618648523143,0.26943131665694786,0.5523733297149453,0.4012253820376588,0.6219747718375886,0.278482837375727,0.37537554567721343,0.551549770579773,0.5392767830381728,0.5684808969121707,0.5305907806072132,0.4247833290409929,0.49686922239924336,0.32418572024474224,0.426579170633381,0.5168503736137053,0.5520102315951176,0.3828617561808041,0.4056548170740073,0.5236155379514961,0.0,0.3608766265439266,0.2351445264518367,0.42067872934124817,0.4111567096030646,0.506876035840235,0.5398882322172533,0.2492578572221077,0.6410166891657272,0.24799418206759238,0.37112783748393774,0.5184198143081196,0.525559935962669,0.5124528008827207,0.4156739350393819,0.4812338286428778,0.6847369709257451,0.242327394128656,0.34238966911147206,0.5327528679178166,0.3777948005650502,0.6489499131019788,0.5100732380103217,0.25094915353067704,0.5115640996053983,0.5272936854513134,0.4171641513483063,0.3892691535537305,0.6847399165608485,0.4615893646847514,0.4801953328932891,0.6437734249649758,0.5646490530791686
A22,0.5084732434359884,0.33324819351695123,0.4295261228598546,0.3808076930098686,0.33332734520676055,0.27759651610851066,0.21967516256263842,0.2782279453318829,0.3730319250225078,0.4281697746773473,0.1927875038614386,0.3920798689584881,0.3270700096294431,0.54362601490891,0.38415627482584513,0.3303372074383538,0.24685919507089593,0.40812803549139565,0.25652164099714325,0.27565106602968203,0.4715644490079096,0.5169061820322222,0.4054433614293491,0.34956214409441055,0.4767384803120124,0.3608766265439266,0.0,0.25337882357122765,0.2468205926524516,0.2500488032054444,0.38981982652101943,0.537201949284303,0.27727790652665885,0.6215669667391102,0.2859845449135445,0.29163026146898396,0.2906854792525808,0.5157141162815718,0.4328344195350414,0.3554544517329693,0.3679920023694201,0.5011488066614282,0.24899265561814232,0.3393050434578563,0.40424790651165676,0.3251975694622823,0.44105684095948483,0.3742963930767087,0.271226134688497,0.3303478368095043,0.5488755512198743,0.3839299010456483,0.29473886717940134,0.4876635321886561,0.3945809547658319,0.3130353322563689,0.6691284918350511,0.39416096989191785
A44,0.5227931329305227,0.3138770249513827,0.38306223057833266,0.3876851361302137,0.24199178855803605,0.3459915493316318,0.226727391282721,0.40719826648466984,0.40901027902518317,0.45976470314675666,0.27379010151342575,0.31827854127359445,0.32869664392181885,0.5419530188535413,0.4139043109474504,0.45075745924686916,0.3027172094892122,0.3975196607406808,0.203571165000209,0.3397852688135149,0.49326991242075335,0.5392344255318515,0.2939593715339276,0.30410982757094585,0.4585739864293369,0.2351445264518367,0.25337882357122765,0.0,0.2813536247015147,0.25704837971590344,0.5599641275940622,0.5344048434332823,0.39395559438237304,0.6053688445518858,0.25712807552219974,0.240539081100277,0.29394371976721023,0.37040052004870283,0.35639131046744943,0.23023610102670622,0.43686660686972056,0.5636335361522637,0.2621124984659241,0.19721348401444805,0.39470966866003165,0.2426421009999672,0.39386495042416814,0.27314597428511755,0.2671226564391693,0.33486307390951264,0.434607018665651,0.4305865999513515,0.2802425034649163,0.5194697229168128,0.37338149235729856,0.28955470084510126,0.6397467737027618,0.3367528465943712
A46,0.5273347437707172,0.2977751224156491,0.3801865991146318,0.5027945192804057,0.3904184663073802,0.34803695089151276,0.344610986475936,0.4304776845703432,0.4746190088832589,0.40168210221799006,0.2790397740701356,0.3800262992134432,0.44058117607200664,0.5276042891558472,0.33704978682857045,0.4068355429330013,0.3282886901136892,0.46035885814418176,0.4031213986735862,0.4092982625438778,0.42258396259743936,0.5945269772276534,0.40062595993106787,0.46373500472258933,0.47147392174886815,0.42067872934124817,0.2468205926524516,0.2813536247015147,0.0,0.2247514865057726,0.5257015776352659,0.6177635856324906,0.3882694751852014,0.6503414529863856,0.3650342566718917,0.33694989827047694,0.42504273797521563,0.44071667129458314,0.3117532081628531,0.42345694186145355,0.443930280870252,0.58213777064882,0.32433291525691776,0.39881566259769374,0.4451250089553732,0.3435067136814146,0.4412394647905865,0.28209220500191023,0.31940937333095065,0.4483829488615352,0.5473969160851139,0.550528365763649,0.37205064732432847,0.5100150402585861,0.3756347782164675,0.3827232104559096,0.7183260251881647,0.4019315777831015
A64,0.5511226354057079,0.3110083703910035,0.38894480680183463,0.5196035347619345,0.3298138303645982,0.19667030006022268,0.24418465347555518,0.44815465525992815,0.27517396155366725,0.29831987099474455,0.30857734790277813,0.2686874374188869,0.3244747477488008,0.5100307587238149,0.3195922397993395,0.3790293926776812,0.27538441620165044,0.39312112970709134,0.3520252979175942,0.31385190025195786,0.4101450796493882,0.4726759974173469,0.295889233440467,0.345508044103373,0.4351328316393196,0.4111567096030646,0.2500488032054444,0.25704837971590344,0.2247514865057726,0.0,0.53644840550585,0.5490841759920329,0.39285596530684197,0.6503128037576169,0.3128549156170819,0.25449469944464065,0.31964887506484996,0.3128535863412155,0.34774570654721426,0.31474868568530845,0.3856316521561426,0.4758800672164424,0.2995980436159562,0.2887037664033476,0.34458240190150335,0.3452355366559281,0.3938684055182555,0.2975761645514726,0.32560445915932157,0.38240565519953007,0.5138532512962559,0.5349876676167562,0.29764422717706585,0.49980676082840214,0.3759752383221191,0.3194136892150423,0.657094411975092,0.375772421877854
A99,0.4556112878594035,0.4362099230090092,0.6677792322074367,0.3979780897356703,0.5603667783269788,0.5707008245530985,0.43238726546321504,0.32202729649198547,0.5815023067454685,0.6735853873570418,0.4431190524518833,0.4686386596770147,0.6532170870481282,0.41411296832204725,0.6555929837743601,0.3890849523224238,0.5188114013967992,0.4945657073322762,0.39286324051046895,0.4981847885040973,0.49656525350181424,0.4808519953633904,0.6281901013520308,0.5468633349807058,0.4241113531402382,0.506876035840235,0.38981982652101943,0.5599641275940622,0.5257015776352659,0.53644840550585,0.0,0.4323305460483773,0.2668407410142942,0.4283684333817347,0.4100878573563925,0.653564897188911,0.5013883382074773,0.5600735191424265,0.618797742560736,0.6531837157917931,0.58630266214329,0.6324703689186146,0.370603258821522,0.6002919880781508,0.6011302238492797,0.43456570347796253,0.6854975624311681,0.6088868759182808,0.33999900903384517,0.5588728399467976,0.5385272732723598,0.3844915250058033,0.5099658061006394,0.6055827453900177,0.5299784491340485,0.5096581233213341,0.5997924738970851,0.5746150919626618
A17,0.5022791728742109,0.49024213353411983,0.6223948781017541,0.501745678632411,0.6203302173695804,0.5084729100929135,0.46616827954977336,0.537138360219023,0.4993259404384345,0.6444561874489371,0.5497100051097272,0.471315066615979,0.5232706120700182,0.5321943807653531,0.5019714464895835,0.476383014759577,0.4963677043541639,0.4185006032884683,0.5212558641709408,0.5781933188137385,0.41260021243655853,0.355626865641249,0.5109777309379635,0.5089848633889389,0.35345806435247784,0.5398882322172533,0.537201949284303,0.5344048434332823,0.6177635856324906,0.5490841759920329,0.4323305460483773,0.0,0.4493128583562459,0.4778780322771301,0.47019341813950366,0.6304967821139829,0.35820632149895737,0.37918998196148335,0.40222811942219117,0.4864389457813941,0.5945496897255165,0.5239215487460374,0.4209865874830969,0.42220448878098005,0.5252211101708399,0.5496336642798545,0.5867760182901602,0.5185364860424311,0.550851995020216,0.41039942663575624,0.6065549532120751,0.5121024585253822,0.4741155531667165,0.42529013725329756,0.4706124810443667,0.5060468566007308,0.5272724811740754,0.4549765430919045
A21,0.39265533065310665,0.3276609591780837,0.5254869556060275,0.4507858082678764,0.3761500595480012,0.4178394909380069,0.3343785172340267,0.49919145163098766,0.46276000479499313,0.5257376928450839,0.3247829271807453,0.2986543297610511,0.5419449742827116,0.37045091819883647,0.45236174254816786,0.33450083260745267,0.4116433873651708,0.48481792658942147,0.35911433291203054,0.326213402088121,0.3672577770783897,0.43967560266841077,0.42653657840475445,0.44493458669623276,0.34459573216561645,0.2492578572221077,0.27727790652665885,0.39395559438237304,0.3882694751852014,0.39285596530684197,0.2668407410142942,0.4493128583562459,0.0,0.5649062037122035,0.2761870629628974,0.39721768431107807,0.4359494119038616,0.4339447304942654,0.5023913158237425,0.5160338687966503,0.42227210101767476,0.5845329480811647,0.2499121668944574,0.4095039188997045,0.5307017575324985,0.3966478191259276,0.6442431479333022,0.5610549780746552,0.23266786702010978,0.48237547307559614,0.5671382701017582,0.3109808374661349,0.3580132654012085,0.5539124976376326,0.4242394753322387,0.47790786152078013,0.6561949758127783,0.5183810671217598
A41,0.2584568927825578,0.3612512402578092,0.4864976998813766,0.43752789957720595,0.4685634376264344,0.7587511915031755,0.5233199880855188,0.4490529483693453,0.6542885152548288,0.6273475422454025,0.5546512407566103,0.4212368952056741,0.5429666859622537,0.3012614900719821,0.6340712222561484,0.5100406347179015,0.6077902145623943,0.5580230623704712,0.47364277007813016,0.5700585319013605,0.4219686956874593,0.5199228197461658,0.5050496492791694,0.5672698528922184,0.558069976867096,0.6410166891657272,0.6215669667391102,0.6053688445518858,0.6503414529863856,0.6503128037576169,0.4283684333817347,0.4778780322771301,0.5649062037122035,0.0,0.4717695165948831,0.6119237307108664,0.517092769886929,0.48275044121640254,0.5791743633926554,0.631052256706119,0.5872735349241107,0.5960291003213359,0.5581235538727234,0.6459648951894612,0.45906542168330955,0.41794968974572055,0.5317716935756398,0.6118737366124369,0.4384461274127456,0.46332052557232073,0.36292844745204267,0.42349004801883106,0.47280580788072113,0.47703465653377186,0.5255400647468047,0.46601137572208584,0.5532056126595928,0.5026300107649029
A72,0.3959661350270328,0.23894969404475652,0.283383849217,0.38520789129560096,0.1311887952867613,0.31481034524951157,0.20295938855808615,0.35790456195235776,0.34860152548682843,0.4036684019728418,0.21612659423018876,0.2817770518053676,0.32570583902202366,0.41682703938915255,0.3294030955029892,0.36516577224478863,0.30091773828068735,0.3781267750166031,0.22028983986119588,0.18290413854550513,0.4073332081787445,0.31902901041241405,0.28009208121579066,0.32167390575793353,0.43139180249357245,0.24799418206759238,0.2859845449135445,0.25712807552219974,0.3650342566718917,0.3128549156170819,0.4100878573563925,0.47019341813950366,0.2761870629628974,0.4717695165948831,0.0,0.29376848486763474,0.3704131938903229,0.3062381911089308,0.43247169615962444,0.3683734383242706,0.3792386563446032,0.5640042142332862,0.22862656143993243,0.34123085804846454,0.361381915500948,0.24817364398914843,0.43407727678062724,0.3923406190979163,0.2602539430864953,0.32378116538553847,0.3858196915526574,0.281606160821962,0.22052994166507012,0.4705400029508805,0.21717312121770926,0.3085747640303985,0.553422714333438,0.3901507388181603
