,A4,A35,A58,A63,A89,A94,A36,A42,A47,A59,A75,A98,A40,A51,A57,A2,A28,A85,A95,A7,A12,A13,A31,A50,A53,A96,A22,A44,A46,A64,A99,A17,A21,A41,A72,A88,A92,A15,A16,A23,A70,A8,A20,A49,A71,A78,A87,A100,A55,A62,A68,A5,A24,A27,A48,A74,A77,A82
A4,0.0,0.34168912912283766,0.3473469330052982,0.4064721279523562,0.3600847351214572,0.4926902023477233,0.3905093344941174,0.3978509015105467,0.40161093638151846,0.43330108709796844,0.40602295612510264,0.35154505350434595,0.4338411229371324,0.2580602624458652,0.45710239657113916,0.379562500319511,0.4688796301655431,0.3685741319647333,0.43348092795406135,0.4177084491351013,0.3272325212106101,0.4556989953433146,0.4055172101894594,0.43439941296515205,0.35570187599431147,0.4016887424913904,0.4460097270320599,0.4106940972101828,0.4121394392574357,0.41252051893370056,0.4162008306385818,0.4150411677566237,0.2948921828337714,0.3366702562435069,0.442673767485564,0.40863623470575805,0.41970016444359415,0.3394388607704314,0.44430883965020074,0.37535036317951387,0.3770723659216265,0.4332304260703743,0.3286971688287539,0.4794236746863362,0.35929412774261904,0.3456540255239655,0.4196771794435413,0.40144185412958966,0.36829493368098165,0.3938405561017738,0.26804221804572703,0.31228088428660516,0.43791622962983034,0.3507731879280369,0.39204095794603344,0.44015419152660373,0.41037127673687324,0.3797824543479025
A35,0.34168912912283766,0.0,0.22574785493689797,0.45663313753467427,0.2528744964933477,0.32368600164134864,0.2299023621988241,0.34336019380094074,0.27536740046886576,0.29891283785586753,0.1985576029321705,0.29698760965729043,0.35107434025066053,0.4365973498224629,0.27753834648987896,0.246621883586421,0.3277427081509312,0.36879600557507797,0.3089231487158749,0.26486400260036425,0.3354240667746424,0.3905267626339167,0.3037903780855088,0.2912482904497715,0.45896181474511644,0.350636386014866,0.2944539031468192,0.28750101186526233,0.23550901878147668,0.22810761029755067,0.4301266147476026,0.3807128894475572,0.33106004762918306,0.39217999531818837,0.2565655053110829,0.3130381894636315,0.33303417055854145,0.30711261915217736,0.42202416789983166,0.39353963173998063,0.2810913792142705,0.4030538353037042,0.32369738821727423,0.3273183562448563,0.29588997095523617,0.2747234216328194,0.46600842308650914,0.2793625180734315,0.29533756244107434,0.2824616756999454,0.3071927520031903,0.2976790262025244,0.2601911586271707,0.39751116043005175,0.28478421155081635,0.29401732950352544,0.3559357483777601,0.26823167005293835
A58,0.3473469330052982,0.22574785493689797,0.0,0.4183213949250453,0.20548345140437396,0.36656796180268936,0.22491209816400692,0.35084759977684865,0.28183232832137617,0.34041373511589246,0.2591845738503332,0.3260590370515286,0.24888364684686093,0.4566353699072073,0.20587385497691735,0.28157614869543623,0.4074187646778301,0.3517316484874198,0.2921998407097489,0.21421217558113492,0.3433364750115392,0.3272456368653818,0.2563515749208838,0.2844154746323706,0.5588569303528195,0.30878755855452356,0.27414882351556713,0.27625851105976795,0.29504525792128533,0.24647969571747042,0.5505515626669816,0.43288650430768905,0.3661924282337039,0.49882781335248405,0.2168229284572406,0.23191374722451774,0.3129819237019603,0.3183808473334123,0.4058210594199293,0.3480098386068048,0.281716469360616,0.43497076998773276,0.36468294650193667,0.2828414932952682,0.26031113100414993,0.284624892819096,0.4276172992675843,0.2501569938745424,0.40574334984653726,0.24505995016377435,0.24804691017280278,0.3586633887688855,0.2464879539301159,0.4326906125770601,0.19443259038775484,0.27254953600268894,0.38840585816162276,0.22001524263164496
A63,0.4064721279523562,0.45663313753467427,0.4183213949250453,0.0,0.43448376125973276,0.5221278772260998,0.3980038010533653,0.30888708292744815,0.5121719069278153,0.4709515910371499,0.49134974530049846,0.47481424716726994,0.3722050370732105,0.49437828496687897,0.4010374557327885,0.3617420602510074,0.48742882716480274,0.44314828991136324,0.39540968844596314,0.3855865343883431,0.42447262934810637,0.3256568482239762,0.5121877737429466,0.4661533499525209,0.42989808385091843,0.60647782326202,0.34980239118139,0.4172389280788642,0.44030430194983317,0.42976234640254596,0.45814762979450274,0.48716420689334106,0.47220742001743454,0.46033872309609347,0.4609944810831357,0.4521516871088138,0.37226631003550326,0.4549050520784562,0.49790936956422016,0.5116941882073419,0.4240987133001314,0.5604771263349556,0.4533700297412292,0.4384146513171727,0.491909431377781,0.43449101033781024,0.388018205079396,0.3587750820427251,0.5139626574641154,0.3697615222990338,0.33753912517990414,0.4849252756916028,0.404160833422456,0.37951767167935313,0.3621778527158538,0.3284402943012764,0.6019205856933113,0.48476031465988123
A89,0.3600847351214572,0.2528744964933477,0.20548345140437396,0.43448376125973276,0.0,0.3606578970906298,0.2017921682221736,0.33725598519369704,0.31312438079277527,0.3209564967833176,0.24791618827158668,0.28482879300829966,0.29145030882068956,0.4419033921940082,0.26372018967928623,0.2852692407968189,0.38029972479212204,0.3406995794258849,0.2757121201488888,0.15236844613216582,0.38365317542920985,0.3762997841848189,0.24873450683833775,0.24792402370086974,0.5342301739663033,0.289675526522575,0.2513887439077148,0.19609114843840514,0.31196663157132987,0.23040687356234457,0.5298562689777468,0.43495067479915495,0.3131387394292581,0.4854418569001169,0.1714495048485224,0.2229208088684712,0.29455899774309735,0.2680954240617389,0.4006226131163041,0.36572757976970605,0.31029851919592066,0.38934195414360806,0.33638182341837797,0.2414210000977417,0.30373719534024757,0.2512016389951085,0.38920252698208735,0.2799556164460899,0.3121820346718155,0.2560591750176515,0.2857295308284564,0.25349481253084605,0.21043919292482816,0.4047815584164898,0.228717014974278,0.24986294748643034,0.42153024778898784,0.23743804148066405
A94,0.4926902023477233,0.32368600164134864,0.36656796180268936,0.5221278772260998,0.3606578970906298,0.0,0.2774345036006395,0.33466965623647593,0.2662154501162095,0.427436685000825,0.2625568167558745,0.4125451183739899,0.4132907643606819,0.5257268372367636,0.31265908275577337,0.37604768274641864,0.3800749832210917,0.36262043984291836,0.43331754964168423,0.35435541222506217,0.3779684589185477,0.42477973654865797,0.301258836638406,0.3685759572208144,0.5136272234500062,0.4014869910652893,0.30786421672204045,0.38529069175520536,0.329514265329898,0.24351621771852316,0.4497346829352896,0.37538505042338477,0.3486330054479989,0.5045640007241319,0.3222930512665666,0.3652609038257091,0.4008962899648043,0.3545905640826883,0.39368035041052774,0.4182655237757309,0.34596231035982217,0.412632964661903,0.3758190256040701,0.456907487410825,0.31005516705318326,0.37273091053394913,0.4783585452935404,0.3182646318106387,0.35123967769564224,0.36456373650581575,0.45698507621701756,0.3570340033233268,0.3777816333048162,0.4406891849904482,0.3674444102580505,0.31578883137621394,0.36871460203797934,0.351360491882586
A36,0.3905093344941174,0.2299023621988241,0.22491209816400692,0.3980038010533653,0.2017921682221736,0.2774345036006395,0.0,0.25578936811868325,0.21439676775373562,0.3450330265251452,0.21886843841105175,0.25736409781705294,0.31019159716311395,0.4619687086439467,0.2522497461471398,0.2955011824670256,0.29828742237576567,0.2592268345418349,0.25603431526468734,0.22427323270351096,0.3779072530881188,0.359309971617245,0.2780592788510978,0.22616498580222666,0.4606984380429966,0.27532566772861133,0.2112100380970452,0.22445223401610426,0.28982164007845257,0.21358781940327876,0.42830430405994147,0.35698801575775907,0.3133807622357476,0.45661554370202717,0.1984834063043387,0.29601257660409575,0.2847327175956511,0.3365226990784962,0.4138400239891219,0.3419524685953995,0.25958550713642015,0.3691003773268604,0.30739662015538505,0.30309421783333357,0.2694896263833416,0.25445182308125636,0.4329792234268668,0.28106657253628053,0.28486035552838374,0.30577245476318793,0.30359924796459004,0.3447092727720005,0.24369908289352138,0.3833286248986624,0.24567557863554879,0.22297489283255612,0.41627585526589905,0.25182553791017304
A42,0.3978509015105467,0.34336019380094074,0.35084759977684865,0.30888708292744815,0.33725598519369704,0.33466965623647593,0.25578936811868325,0.0,0.37223086211002765,0.37189193870373016,0.26709578585377636,0.35889171788797647,0.3373731115613603,0.4116372277026421,0.3535710490587183,0.3443170755655942,0.31397434531671686,0.3049734292874715,0.3114555102196588,0.3104115297412928,0.34949808086288003,0.3753509993587949,0.42152574113758867,0.4019513332890725,0.40683389589012997,0.43980966761731277,0.25621835478271804,0.321306301153541,0.310129890986803,0.35087878669512584,0.2822733209422045,0.41403965093656014,0.3815818789942391,0.39824745422159125,0.35147397118378243,0.3398307637910615,0.374497930911988,0.40226903208420306,0.41027910344996665,0.38489822130762497,0.3465128294641969,0.43324112259353176,0.31341912903217084,0.4721507903837122,0.36182433903646727,0.29446233316109116,0.41385730967450307,0.3549699350995502,0.3416933602963572,0.35755694011654227,0.3833954822468921,0.42443010618222765,0.33393732519524344,0.4220962843849466,0.3136717885721473,0.2823207628840777,0.46535477167744377,0.3791659409338449
A47,0.40161093638151846,0.27536740046886576,0.28183232832137617,0.5121719069278153,0.31312438079277527,0.2662154501162095,0.21439676775373562,0.37223086211002765,0.0,0.3242000755276374,0.3040503209843165,0.3110137229848794,0.38690684758020455,0.47274188797277683,0.3162162204299115,0.28769974418964717,0.3360605811962176,0.292527544154763,0.37973315388030393,0.2902777322767326,0.32480305255497344,0.4224879723625986,0.21988553828686885,0.23286158151250314,0.5162224553213967,0.34999954287079993,0.2836238976929464,0.2769310772184155,0.31266457124741764,0.2059713550345753,0.4434863564728383,0.372665549388392,0.3406010289667696,0.48193793270978424,0.2839213149394473,0.2928992717730933,0.3124147930319292,0.29529656814642313,0.4589892348788077,0.3376635894015212,0.21026145802184515,0.3041954934597607,0.3502463065210939,0.36117973200135634,0.23924873130523272,0.3153804478290211,0.46751305558960243,0.3191671314672798,0.3129964469503699,0.3333916605053623,0.39884238220916524,0.3394940167192293,0.33153471185825645,0.4207227435433185,0.33304986369215395,0.30034952966738515,0.3474134439112079,0.2790620703314187
A59,0.43330108709796844,0.29891283785586753,0.34041373511589246,0.4709515910371499,0.3209564967833176,0.427436685000825,0.3450330265251452,0.37189193870373016,0.3242000755276374,0.0,0.35643716289523175,0.22403356482411607,0.2923247520957172,0.3265884968799939,0.2927097658785136,0.3744157253895114,0.2748119609490989,0.3575232775230186,0.35857366989856765,0.2533507306599211,0.31779295351709436,0.3954000158560228,0.31800820230739524,0.4039413923378664,0.5199812254876687,0.3787995070252139,0.3185390055209779,0.27191485081551914,0.3089815522971797,0.267380258239581,0.4984827425725068,0.43449476738049075,0.3588940774788124,0.5037937264024202,0.3298799035061656,0.24450575747445924,0.3887373292074806,0.2950855480508726,0.3382248901301932,0.3760879212517635,0.3586551983886246,0.3565547171168608,0.36055766614342255,0.3921481753268289,0.3393811495448136,0.3113685682234608,0.37838030782995047,0.3396419852152016,0.3736857703209586,0.37591187235058965,0.4007289286495803,0.469741020904499,0.26037812231536983,0.38841283188890063,0.3428603014842123,0.39368930284564163,0.5135722840393322,0.31962124375211953
A75,0.40602295612510264,0.1985576029321705,0.2591845738503332,0.49134974530049846,0.24791618827158668,0.2625568167558745,0.21886843841105175,0.26709578585377636,0.3040503209843165,0.35643716289523175,0.0,0.32867817152918244,0.35477523602876604,0.49180102732227204,0.23129491715639572,0.24700188822232672,0.32198363230831517,0.304190302306787,0.3354970180581871,0.23089315057109794,0.3488972567881006,0.3943495476000246,0.2574446128608566,0.2799107957841702,0.5059338404448532,0.2631900758780804,0.181690011621214,0.24347224761858677,0.2256549411622426,0.23591319105666275,0.4279853546920467,0.42022426184100914,0.2721280223973668,0.4749284134352214,0.21228777068427396,0.23478941831401456,0.31609289312533284,0.3395110561948601,0.3746081613361949,0.34757637907107763,0.28081761496718594,0.4332136698162903,0.2778061061691208,0.3760857099424487,0.2684623315480168,0.23500493229304487,0.5427140641487038,0.31705093778202875,0.2476354781682808,0.31970065382233326,0.36551481192095436,0.3276715400483742,0.22208596220458465,0.476996891040261,0.27266715517960416,0.2754436011330267,0.40776934504902296,0.2623777836194129
A98,0.35154505350434595,0.29698760965729043,0.3260590370515286,0.47481424716726994,0.28482879300829966,0.4125451183739899,0.25736409781705294,0.35889171788797647,0.3110137229848794,0.22403356482411607,0.32867817152918244,0.0,0.25743005029480115,0.26804846759316814,0.3179504239279747,0.3506814311313873,0.28305042948420434,0.39307799601816107,0.32222758779846083,0.30777771183839575,0.25917109238880465,0.3807689584429115,0.2910833704118295,0.31709356861858407,0.4444339878295541,0.2556678410126765,0.3310961390417474,0.22371427994126092,0.3379436600335518,0.2824467183287116,0.43527853344677614,0.40208286711387187,0.2799860036109606,0.45321225073060645,0.28381497226423935,0.299580502906596,0.39621656346706624,0.246066626011765,0.3469760382046577,0.32038939692513024,0.3607074351480888,0.29578174945832736,0.33656817040680254,0.30044322206268015,0.3139760254742937,0.2924736056879286,0.3884589644179687,0.36560414704722677,0.34306049558389984,0.3820189182638992,0.38254570784590236,0.3801600086496274,0.2987036755939586,0.3930692720883293,0.305464620408593,0.3233150638345922,0.4576923072121625,0.2685759138989471
A40,0.4338411229371324,0.35107434025066053,0.24888364684686093,0.3722050370732105,0.29145030882068956,0.4132907643606819,0.31019159716311395,0.3373731115613603,0.38690684758020455,0.2923247520957172,0.35477523602876604,0.25743005029480115,0.0,0.43336244253575584,0.2710545453677006,0.3202197494845427,0.31542791526304725,0.40956420554085293,0.2923812867794685,0.23100162435151883,0.33230403398733754,0.33568587852189047,0.3664363140471495,0.3419677613956811,0.5436909581475724,0.37191320743997447,0.28484053414769095,0.2422745212672155,0.37299972021574723,0.3099754805763092,0.5537107773128849,0.4142682026694936,0.4063160814355351,0.527982427539279,0.26884915823021804,0.28209894408406344,0.34179890909209076,0.32904519569041446,0.356074414506511,0.26695663857830243,0.42214718691025144,0.33966568719676293,0.35249434352566866,0.24585832986030676,0.319635615404419,0.3771523828381549,0.3411020753259778,0.279221816744082,0.47318564622535064,0.29612424410763316,0.374323627626006,0.42722066730011965,0.2633589740483716,0.4512557580364561,0.29214105188041106,0.3231241017454365,0.5248579777377711,0.23919296480039343
A51,0.2580602624458652,0.4365973498224629,0.4566353699072073,0.49437828496687897,0.4419033921940082,0.5257268372367636,0.4619687086439467,0.4116372277026421,0.47274188797277683,0.3265884968799939,0.49180102732227204,0.26804846759316814,0.43336244253575584,0.0,0.4995530629620766,0.5169967450531762,0.405205149756629,0.4550346707415769,0.4357458133861857,0.46161631611972875,0.3294667701702749,0.48354840178934644,0.4494142447239763,0.50295055218862,0.3838562444806479,0.3910779037731388,0.49013016411626875,0.4050446724069563,0.4465707106725043,0.47447419896699605,0.3827819322973761,0.45050916033003685,0.33976432319052396,0.41653158540767665,0.5130523326691032,0.37782161198072084,0.47406828202703466,0.3743150211247267,0.40268450286808855,0.4345454593507794,0.47836269700975087,0.4280449216455764,0.3611801616746314,0.5889882702851089,0.4090374409669205,0.31119412646989575,0.42386669305040026,0.5571594319311597,0.4334704719736012,0.4941928491802837,0.3680927214125016,0.4516937492996951,0.44797582579640693,0.4240172996304934,0.4204360574192677,0.5171653682943274,0.5201690345152123,0.48116756999028587
A57,0.45710239657113916,0.27753834648987896,0.20587385497691735,0.4010374557327885,0.26372018967928623,0.31265908275577337,0.2522497461471398,0.3535710490587183,0.3162162204299115,0.2927097658785136,0.23129491715639572,0.3179504239279747,0.2710545453677006,0.4995530629620766,0.0,0.2852196906298865,0.34176784760286527,0.26762055316405775,0.3792764367292911,0.20521770516097293,0.2656637228465498,0.2903635067125021,0.24331918645559125,0.30066032631592965,0.5061713771728358,0.3574368870182323,0.24903594155481268,0.3076264655428085,0.29502956291048554,0.25408188786141883,0.5850525302504489,0.3573622868132472,0.3404611412163894,0.5464567224035173,0.25981508464368774,0.27318290033988324,0.23306638551585135,0.2964572485603115,0.31944187602683893,0.3568846029785072,0.2790803149142602,0.3786012639740852,0.3895952534187248,0.31713818125778415,0.26491368158434614,0.3086172877599421,0.45985965250284433,0.22840900411037768,0.3898905840741965,0.27752332486164877,0.3495584109837251,0.3930260984766871,0.22792673916835948,0.4649593216342376,0.23195681277767422,0.2211865186113372,0.47490206134551016,0.2384795902403013
A2,0.379562500319511,0.246621883586421,0.28157614869543623,0.3617420602510074,0.2852692407968189,0.37604768274641864,0.2955011824670256,0.3443170755655942,0.28769974418964717,0.3744157253895114,0.24700188822232672,0.3506814311313873,0.3202197494845427,0.5169967450531762,0.2852196906298865,0.0,0.36194674156330475,0.3647764197314145,0.3238880516274294,0.22206019413233147,0.2940279243829489,0.3777568064726159,0.33763560094441225,0.28622802694416505,0.43894136265413053,0.41792183954854667,0.2316352715562382,0.29313235975224883,0.23785811700615278,0.23939524743190554,0.4013233222711453,0.41905315079482197,0.2787786833904594,0.46341142879238095,0.26153536958537704,0.3345684267602206,0.29531464401618357,0.3565102758034311,0.4435679038806273,0.41596382542071253,0.22064877053819276,0.34425570598305344,0.3677112546113115,0.31608999711725005,0.3563992921870167,0.2640506625312641,0.46500571728808626,0.29950663464269967,0.35473052721216003,0.3254683423171395,0.4034933057968699,0.3356399918474333,0.26944385072480614,0.429022787201533,0.29360069555221446,0.21517214071150936,0.4046170496345044,0.24895659383210422
A28,0.4688796301655431,0.3277427081509312,0.4074187646778301,0.48742882716480274,0.38029972479212204,0.3800749832210917,0.29828742237576567,0.31397434531671686,0.3360605811962176,0.2748119609490989,0.32198363230831517,0.28305042948420434,0.31542791526304725,0.405205149756629,0.34176784760286527,0.36194674156330475,0.0,0.3608825915367,0.3021561351927854,0.35566051460081105,0.32469544514513304,0.4319634252223642,0.44897616317284306,0.38880365078534174,0.4304090245999853,0.40160297779402654,0.3124447666343403,0.2809269500070044,0.3392656940397216,0.3315721415424173,0.42277098081504005,0.36570322571693115,0.3957974499543052,0.4949546718672524,0.35773148309152725,0.39329173855996236,0.35543095224436927,0.3456875621921137,0.33334963102473036,0.37816579499149305,0.39266019568196453,0.33809318319439985,0.3792810805910629,0.47754693057884023,0.4019978627618198,0.2998563098998719,0.4262176180106815,0.3462609057056111,0.3734160641473371,0.40824529484826566,0.48117670231444687,0.47648908734687534,0.3314285998931856,0.4725976778480846,0.3687823669996707,0.3478596525564832,0.48746089207222965,0.40077302851630314
A85,0.3685741319647333,0.36879600557507797,0.3517316484874198,0.44314828991136324,0.3406995794258849,0.36262043984291836,0.2592268345418349,0.3049734292874715,0.292527544154763,0.3575232775230186,0.304190302306787,0.39307799601816107,0.40956420554085293,0.4550346707415769,0.26762055316405775,0.3647764197314145,0.3608825915367,0.0,0.3969034106910516,0.31517604742987304,0.41229046716841256,0.41357392218589406,0.3216428332444756,0.38671876695496354,0.45894716704172667,0.3856074232707356,0.3308187217375781,0.34823562414123954,0.37458320861305694,0.33889857611122653,0.4063698002209455,0.3242649426217741,0.3725899010179624,0.45610980208886787,0.34560534046357416,0.3274303865404059,0.3096219416734344,0.3460064797055792,0.3664516794655769,0.3307018506673921,0.3894348457872605,0.42536312487997363,0.41345428270393747,0.4461912673892484,0.3067176899184154,0.3069422139250405,0.48299974891366104,0.3431826749203032,0.341638978121226,0.3782526395820812,0.36976295577194074,0.38233939672155326,0.3414177919518473,0.4574918852602924,0.38305986043658813,0.3354771166626729,0.4191991033328889,0.31983550089348456
A95,0.43348092795406135,0.3089231487158749,0.2921998407097489,0.39540968844596314,0.2757121201488888,0.43331754964168423,0.25603431526468734,0.3114555102196588,0.37973315388030393,0.35857366989856765,0.3354970180581871,0.32222758779846083,0.2923812867794685,0.4357458133861857,0.3792764367292911,0.3238880516274294,0.3021561351927854,0.3969034106910516,0.0,0.2522231137914325,0.38605341810368965,0.3839909027261855,0.4209770816508507,0.3481225213652196,0.4152684598777624,0.31136360479396397,0.32459634502339973,0.20102966062541228,0.42869609792281127,0.31895901787926884,0.3819808493593314,0.40009764735595454,0.34372663862583464,0.5104226238182917,0.29241935509329575,0.3638894196719401,0.32593001961926804,0.3559497568240936,0.42546618199050024,0.3075397758112113,0.3270277437948853,0.4226426598147591,0.31921920739054277,0.29350768304909025,0.3255462684119351,0.26309767411968,0.44721690451511265,0.3734321343537874,0.40582530241319603,0.3601436271959344,0.38242559139571475,0.4242504993035241,0.30141014431359314,0.5237022275144512,0.34671221250991135,0.27079794904928656,0.5096706630309096,0.36677655847223334
A7,0.4177084491351013,0.26486400260036425,0.21421217558113492,0.3855865343883431,0.15236844613216582,0.35435541222506217,0.22427323270351096,0.3104115297412928,0.2902777322767326,0.2533507306599211,0.23089315057109794,0.30777771183839575,0.23100162435151883,0.46161631611972875,0.20521770516097293,0.22206019413233147,0.35566051460081105,0.31517604742987304,0.2522231137914325,0.0,0.3221704219559921,0.28273549342779913,0.2613815376095492,0.25559592854403856,0.48948904474549504,0.34333031905277944,0.18965584257349766,0.21335167334819916,0.28034378982500385,0.2107702195941359,0.47382371997867045,0.4285743939396107,0.3008609378037026,0.558288922754554,0.16861942775318195,0.18552063849470812,0.26833071929200136,0.2930948375719714,0.42277613361744515,0.34297778438758375,0.28554572971413084,0.3886438636857338,0.3422947163111899,0.24451054177598064,0.23742551431413428,0.2656918347182865,0.40580842804717066,0.2625834945472708,0.38910138028979213,0.24211481833215265,0.3024482817207099,0.32801920939264306,0.1717412159389604,0.4694934717337311,0.19386876272776077,0.23562658096597766,0.46056622348008014,0.22917436790309798
A12,0.3272325212106101,0.3354240667746424,0.3433364750115392,0.42447262934810637,0.38365317542920985,0.3779684589185477,0.3779072530881188,0.34949808086288003,0.32480305255497344,0.31779295351709436,0.3488972567881006,0.25917109238880465,0.33230403398733754,0.3294667701702749,0.2656637228465498,0.2940279243829489,0.32469544514513304,0.41229046716841256,0.38605341810368965,0.3221704219559921,0.0,0.31179026570460733,0.3216260378298441,0.38074896532333413,0.4185929718812418,0.3920962854734569,0.3539267734360637,0.35284588428301666,0.34039800155533817,0.2954613515497434,0.405262472832866,0.3163890370734681,0.2918608005551322,0.43967287339359307,0.3728069753639318,0.36897870912961317,0.27356310294595276,0.26666847520130466,0.36714965291748436,0.37718511555441103,0.32399398997264717,0.2914566813268129,0.35284706380953734,0.3850750076199778,0.31675404821062403,0.3446156667652983,0.4290569022670888,0.3491670349506163,0.38515755965565257,0.30568948243706584,0.3837392838756911,0.3996973521006748,0.3101956339816715,0.39935048981038,0.3308061172879496,0.24506561654563253,0.4093915134285475,0.346470368570277
A13,0.4556989953433146,0.3905267626339167,0.3272456368653818,0.3256568482239762,0.3762997841848189,0.42477973654865797,0.359309971617245,0.3753509993587949,0.4224879723625986,0.3954000158560228,0.3943495476000246,0.3807689584429115,0.33568587852189047,0.48354840178934644,0.2903635067125021,0.3777568064726159,0.4319634252223642,0.41357392218589406,0.3839909027261855,0.28273549342779913,0.31179026570460733,0.0,0.4002502664285814,0.36053849384516856,0.40988494884046744,0.4659630659430023,0.35752504424393583,0.39712955296032326,0.4380800619137848,0.34306807254702854,0.496330119719673,0.38489503671555003,0.4364292233661726,0.5524936953966644,0.3528493578723425,0.37798899010582276,0.336531649262064,0.31500051321954625,0.43147793828818404,0.33164999794360694,0.397626637601575,0.39347352386594414,0.3939449256800336,0.34838447451258736,0.3744871849361092,0.39679933685325375,0.48430879871846255,0.36119395079602745,0.47548758704907845,0.32127207109527245,0.35312708646224844,0.43268082574373135,0.2946838241088632,0.485538747268604,0.2799614816793541,0.3244857386766057,0.44065903357416736,0.36464757995105945
A31,0.4055172101894594,0.3037903780855088,0.2563515749208838,0.5121877737429466,0.24873450683833775,0.301258836638406,0.2780592788510978,0.42152574113758867,0.21988553828686885,0.31800820230739524,0.2574446128608566,0.2910833704118295,0.3664363140471495,0.4494142447239763,0.24331918645559125,0.33763560094441225,0.44897616317284306,0.3216428332444756,0.4209770816508507,0.2613815376095492,0.3216260378298441,0.4002502664285814,0.0,0.24077088643310507,0.5909123095437834,0.32834088897565183,0.29833631043267406,0.28856899625668,0.32926042382633025,0.24847531590246286,0.5801674705489174,0.4328639074433859,0.32463802250509954,0.5038218888327858,0.25697565061343897,0.2296075392015845,0.3246474444216354,0.27246999830061003,0.3577568665238937,0.3428331382576686,0.30863606730164916,0.3574660456691511,0.388271678560674,0.3060843506279449,0.1970511638893251,0.31332169960723477,0.5429346178916856,0.32395099743131484,0.3675831681049039,0.29374056254855785,0.3910977516769586,0.31129125252234446,0.23486169769612775,0.41714741639372466,0.29125757882031866,0.2503818332394676,0.32547721100394844,0.19093103106537435
A50,0.43439941296515205,0.2912482904497715,0.2844154746323706,0.4661533499525209,0.24792402370086974,0.3685759572208144,0.22616498580222666,0.4019513332890725,0.23286158151250314,0.4039413923378664,0.2799107957841702,0.31709356861858407,0.3419677613956811,0.50295055218862,0.30066032631592965,0.28622802694416505,0.38880365078534174,0.38671876695496354,0.3481225213652196,0.25559592854403856,0.38074896532333413,0.36053849384516856,0.24077088643310507,0.0,0.5629775682132494,0.33640867368589866,0.231670965948369,0.2805979819057376,0.32163278002776974,0.2324823722377921,0.5660188212254591,0.44772322642690454,0.32090935174528357,0.5190991930081734,0.2639216461991363,0.2709517295614131,0.23378163521167117,0.2945098615883126,0.4768962765790944,0.390658203365419,0.2528622177479879,0.29334175976338117,0.3299496709067228,0.22967998291778347,0.3227373107076741,0.33232564090911865,0.5546116392341212,0.33886509623669936,0.34971259676291544,0.2711999079915163,0.4067873694808003,0.3467947443813293,0.21955654895515553,0.46591921251072954,0.28364640513621453,0.2639431310510818,0.48400044645188,0.19716818909367706
A53,0.35570187599431147,0.45896181474511644,0.5588569303528195,0.42989808385091843,0.5342301739663033,0.5136272234500062,0.4606984380429966,0.40683389589012997,0.5162224553213967,0.5199812254876687,0.5059338404448532,0.4444339878295541,0.5436909581475724,0.3838562444806479,0.5061713771728358,0.43894136265413053,0.4304090245999853,0.45894716704172667,0.4152684598777624,0.48948904474549504,0.4185929718812418,0.40988494884046744,0.5909123095437834,0.5629775682132494,0.0,0.4958216629183174,0.5249879516947422,0.4364098343709132,0.43336964072386297,0.4963333558973988,0.3471047067116546,0.43037018088491075,0.3859801329148649,0.540470310203188,0.5945900952485179,0.5690231632914733,0.5124098015017444,0.509676434614708,0.47371163356846724,0.424903116404693,0.4382821924530659,0.4146251081314414,0.35302935588102236,0.5679989216565319,0.4720238625729548,0.36914647791676425,0.4505020866920605,0.5189968962334053,0.4805781122644309,0.5892288695310812,0.4752226660138651,0.49225406606398436,0.5660654943564396,0.41611559560081757,0.444214124433578,0.4672185979727279,0.5212368003790713,0.619093925736823
A96,0.4016887424913904,0.350636386014866,0.30878755855452356,0.60647782326202,0.289675526522575,0.4014869910652893,0.27532566772861133,0.43980966761731277,0.34999954287079993,0.3787995070252139,0.2631900758780804,0.2556678410126765,0.37191320743997447,0.3910779037731388,0.3574368870182323,0.41792183954854667,0.40160297779402654,0.3856074232707356,0.31136360479396397,0.34333031905277944,0.3920962854734569,0.4659630659430023,0.32834088897565183,0.33640867368589866,0.4958216629183174,0.0,0.36374153878664206,0.25467901509962865,0.3835238152030809,0.3419630056656443,0.48050952579076567,0.4242394999077419,0.2394866638959543,0.600112494352343,0.2890701187510568,0.29560338429631816,0.43209916972205453,0.3939628385255888,0.3817527319230657,0.3107053814643286,0.36987163581821836,0.39752744676362695,0.2517659551303597,0.3469647508276883,0.36256771508931196,0.3111109170543832,0.5429682675781924,0.42546956712688,0.3173636128813957,0.42965237223933184,0.41699947739052556,0.3695754997242343,0.3491867813373789,0.5107243636681282,0.35256735201583667,0.4214799157345992,0.4705240293864036,0.3436487971771399
A22,0.4460097270320599,0.2944539031468192,0.27414882351556713,0.34980239118139,0.2513887439077148,0.30786421672204045,0.2112100380970452,0.25621835478271804,0.2836238976929464,0.3185390055209779,0.181690011621214,0.3310961390417474,0.28484053414769095,0.49013016411626875,0.24903594155481268,0.2316352715562382,0.3124447666343403,0.3308187217375781,0.32459634502339973,0.18965584257349766,0.3539267734360637,0.35752504424393583,0.29833631043267406,0.231670965948369,0.5249879516947422,0.36374153878664206,0.0,0.22312255064378006,0.2106414749577844,0.20087198780830495,0.40828254403537145,0.43620214118714207,0.27037724218538284,0.50795925087584,0.24241948243562783,0.22218759562215395,0.2273882859399332,0.35492529981803067,0.41974606729236585,0.3944812161787561,0.2804951322674879,0.3905828801322745,0.3112075795026673,0.2914729454392436,0.32848426626646365,0.2796116030206305,0.4360951738699469,0.29697256784205306,0.3055191234102157,0.2610655178863074,0.3592497585031238,0.3518526389086686,0.2302404324716003,0.39531976447730865,0.26941229405847555,0.2549920563748306,0.5045327281249263,0.2731257909053173
A44,0.4106940972101828,0.28750101186526233,0.27625851105976795,0.4172389280788642,0.19609114843840514,0.38529069175520536,0.22445223401610426,0.321306301153541,0.2769310772184155,0.27191485081551914,0.24347224761858677,0.22371427994126092,0.2422745212672155,0.4050446724069563,0.3076264655428085,0.29313235975224883,0.2809269500070044,0.34823562414123954,0.20102966062541228,0.21335167334819916,0.35284588428301666,0.39712955296032326,0.28856899625668,0.2805979819057376,0.4364098343709132,0.25467901509962865,0.22312255064378006,0.0,0.28031818402214725,0.2280954333104479,0.45716497537144696,0.42136137382924976,0.31968690019224155,0.5074625452267078,0.21430314353457214,0.2106183278895315,0.2727526527489823,0.30085684084946074,0.3676336725583561,0.2590787278622332,0.31932470065243823,0.3527966335599917,0.2764535025528647,0.2543292332813959,0.2827750453087544,0.2064922581655152,0.37378715528587003,0.2758589348402264,0.2975641510302618,0.3192260992736673,0.33829156289849904,0.3806287734901901,0.2352406167180885,0.4495729028896168,0.285446692978379,0.26262037430063634,0.44858090837267905,0.2589294794730118
A46,0.4121394392574357,0.23550901878147668,0.29504525792128533,0.44030430194983317,0.31196663157132987,0.329514265329898,0.28982164007845257,0.310129890986803,0.31266457124741764,0.3089815522971797,0.2256549411622426,0.3379436600335518,0.37299972021574723,0.4465707106725043,0.29502956291048554,0.23785811700615278,0.3392656940397216,0.37458320861305694,0.42869609792281127,0.28034378982500385,0.34039800155533817,0.4380800619137848,0.32926042382633025,0.32163278002776974,0.43336964072386297,0.3835238152030809,0.2106414749577844,0.28031818402214725,0.0,0.2100745916922535,0.3986055094672186,0.49632288247054746,0.30877420012725887,0.4793090044028059,0.27483136322600576,0.25487685836439056,0.3732229548157304,0.365059795390524,0.38778810614484693,0.44174668791197047,0.3017986758199971,0.41277712842547865,0.2999093857884898,0.40628920020753023,0.36524798679305504,0.2907133742237782,0.445770524207594,0.282427975509572,0.2342138847041766,0.4010235852600492,0.3763245184052324,0.4132645415462808,0.30451336801324613,0.3905928470602117,0.2697003431492505,0.30058040781773976,0.4639284037028385,0.3080646646422994
A64,0.41252051893370056,0.22810761029755067,0.24647969571747042,0.42976234640254596,0.23040687356234457,0.24351621771852316,0.21358781940327876,0.35087878669512584,0.2059713550345753,0.267380258239581,0.23591319105666275,0.2824467183287116,0.3099754805763092,0.47447419896699605,0.25408188786141883,0.23939524743190554,0.3315721415424173,0.33889857611122653,0.31895901787926884,0.2107702195941359,0.2954613515497434,0.34306807254702854,0.24847531590246286,0.2324823722377921,0.4963333558973988,0.3419630056656443,0.20087198780830495,0.2280954333104479,0.2100745916922535,0.0,0.4386626472325549,0.43495818767888017,0.2752837737741747,0.5097438651222183,0.2519445518087786,0.2378434020706809,0.2530631697582111,0.2371616873951944,0.39130401470494725,0.35587130825545576,0.279840230290446,0.33579699526666085,0.3131334493965402,0.2681384492437683,0.2945061574920136,0.31368002698077857,0.42860290598928663,0.21306526083656174,0.28321393098051983,0.28933219994285986,0.3155110462479359,0.3415278936398891,0.22642362879299305,0.3994484865339263,0.2776508915256707,0.23056679217972365,0.4163485993613558,0.23217791787532838
A99,0.4162008306385818,0.4301266147476026,0.5505515626669816,0.45814762979450274,0.5298562689777468,0.4497346829352896,0.42830430405994147,0.2822733209422045,0.4434863564728383,0.4984827425725068,0.4279853546920467,0.43527853344677614,0.5537107773128849,0.3827819322973761,0.5850525302504489,0.4013233222711453,0.42277098081504005,0.4063698002209455,0.3819808493593314,0.47382371997867045,0.405262472832866,0.496330119719673,0.5801674705489174,0.5660188212254591,0.3471047067116546,0.48050952579076567,0.40828254403537145,0.45716497537144696,0.3986055094672186,0.4386626472325549,0.0,0.4366689147782977,0.32668618039968433,0.4583098681252674,0.5011096881291967,0.5329291074801272,0.494623150939173,0.479821694904238,0.5901032388480162,0.49383532588655676,0.4794918400810404,0.4887561943113856,0.36884403591136106,0.653376028648152,0.45761244948879887,0.3515118279218651,0.49502635204976064,0.5638312129262357,0.38062929785023036,0.5322302757510724,0.4617331515838553,0.4026835918225413,0.532977060072408,0.4986139138661114,0.5057469260736621,0.47173687881867443,0.4965573526033934,0.5656361111857855
A17,0.4150411677566237,0.3807128894475572,0.43288650430768905,0.48716420689334106,0.43495067479915495,0.37538505042338477,0.35698801575775907,0.41403965093656014,0.372665549388392,0.43449476738049075,0.42022426184100914,0.40208286711387187,0.4142682026694936,0.45050916033003685,0.3573622868132472,0.41905315079482197,0.36570322571693115,0.3242649426217741,0.40009764735595454,0.4285743939396107,0.3163890370734681,0.38489503671555003,0.4328639074433859,0.44772322642690454,0.43037018088491075,0.4242394999077419,0.43620214118714207,0.42136137382924976,0.49632288247054746,0.43495818767888017,0.4366689147782977,0.0,0.4010862669665467,0.3900749106292025,0.4001502752892525,0.438319060194146,0.2787145891545433,0.2935039876975053,0.2843211214100039,0.3446677251400042,0.45591733265080103,0.3948254698994358,0.3823077516850112,0.39412631220642236,0.4583619330349541,0.3699541028272817,0.4648994746927694,0.4446807563548306,0.46445793468792873,0.33323063906866635,0.4393289762100756,0.41162066114648954,0.35486920987612336,0.3965325447248703,0.4678488114582696,0.3831436544604583,0.4693686567446559,0.4062858508427861
A21,0.2948921828337714,0.33106004762918306,0.3661924282337039,0.47220742001743454,0.3131387394292581,0.3486330054479989,0.3133807622357476,0.3815818789942391,0.3406010289667696,0.3588940774788124,0.2721280223973668,0.2799860036109606,0.4063160814355351,0.33976432319052396,0.3404611412163894,0.2787786833904594,0.3957974499543052,0.3725899010179624,0.34372663862583464,0.3008609378037026,0.2918608005551322,0.4364292233661726,0.32463802250509954,0.32090935174528357,0.3859801329148649,0.2394866638959543,0.27037724218538284,0.31968690019224155,0.30877420012725887,0.2752837737741747,0.32668618039968433,0.4010862669665467,0.0,0.4978020524169997,0.3280773897157264,0.2994981269340531,0.34788600626754385,0.3029282026183201,0.3814968821862855,0.38210177442990323,0.29051756016554464,0.3696619717687373,0.2602718195197198,0.3930413515151504,0.39285820510674996,0.3069586046506857,0.5398404479728098,0.4031836054714898,0.2646346698264448,0.3993555636387425,0.4028312248991278,0.26796419467632926,0.33678596283615303,0.41779492737921897,0.3700773133685771,0.37189180739311267,0.49029990403746715,0.31552839300848323
A41,0.3366702562435069,0.39217999531818837,0.49882781335248405,0.46033872309609347,0.4854418569001169,0.5045640007241319,0.45661554370202717,0.39824745422159125,0.48193793270978424,0.5037937264024202,0.4749284134352214,0.45321225073060645,0.527982427539279,0.41653158540767665,0.5464567224035173,0.46341142879238095,0.4949546718672524,0.45610980208886787,0.5104226238182917,0.558288922754554,0.43967287339359307,0.5524936953966644,0.5038218888327858,0.5190991930081734,0.540470310203188,0.600112494352343,0.50795925087584,0.5074625452267078,0.4793090044028059,0.5097438651222183,0.4583098681252674,0.3900749106292025,0.4978020524169997,0.0,0.45877374488872824,0.5104404343869108,0.45325290312455224,0.3948843806495642,0.4849194996107131,0.5127644116177981,0.5159792137588284,0.5084831749708216,0.5178488576464586,0.5894703571036082,0.5329666803285347,0.37035590452392675,0.5117329756859446,0.5021295968438944,0.38105294611900065,0.4356574374708627,0.4073303141509411,0.4491396354983951,0.4664515161120719,0.42462516692995533,0.5269010891216438,0.46199276239222997,0.522329487902442,0.4436572526153858
A72,0.442673767485564,0.2565655053110829,0.2168229284572406,0.4609944810831357,0.1714495048485224,0.3222930512665666,0.1984834063043387,0.35147397118378243,0.2839213149394473,0.3298799035061656,0.21228777068427396,0.28381497226423935,0.26884915823021804,0.5130523326691032,0.25981508464368774,0.26153536958537704,0.35773148309152725,0.34560534046357416,0.29241935509329575,0.16861942775318195,0.3728069753639318,0.3528493578723425,0.25697565061343897,0.2639216461991363,0.5945900952485179,0.2890701187510568,0.24241948243562783,0.21430314353457214,0.27483136322600576,0.2519445518087786,0.5011096881291967,0.4001502752892525,0.3280773897157264,0.45877374488872824,0.0,0.22173323505153564,0.3338090700962978,0.2620892241189807,0.39479152870850076,0.3590677101657278,0.33186274567720486,0.4513376732754639,0.3305284907954422,0.27361317939513397,0.3328903128058618,0.27801089899565123,0.48540884447246035,0.2842995370263336,0.31012065535785016,0.3054117287400979,0.331822523798329,0.3299789679868329,0.2187476542239858,0.4981070401405112,0.24702175675450888,0.26995418229085744,0.4094337988161695,0.2064635638338137
