,A4,A35,A58,A63,A89,A94,A36,A42,A47,A59,A75,A98,A40,A51,A57,A2,A28,A85,A95,A7,A12,A13,A31,A50,A53,A96,A22,A44,A46,A64,A99,A17,A21,A41,A72,A88,A92,A15,A16,A23,A70,A8,A20,A49,A71,A78,A87,A100,A55,A62,A68,A5,A24,A27,A48,A74,A77,A82
A4,0.0,0.36964763541544043,0.33217324487767064,0.39276034205742205,0.4012996752448539,0.4929564986704217,0.46444522508024555,0.4112980567626455,0.45810275981687243,0.41256305940954363,0.4173406232028699,0.37336351540725654,0.45191010303084433,0.26069467193155127,0.46188771891018277,0.3837729467040828,0.5544173581138034,0.36454291175056763,0.4294211116709883,0.452990636203231,0.35484879981911144,0.3732011389291161,0.4173818312459845,0.44044414314157565,0.41513273953766927,0.5318923569158251,0.4858043329486682,0.4913924272250192,0.45502905304970986,0.4374830047733601,0.4476070105135084,0.372160347956642,0.33497075418782296,0.33498898469045235,0.4648009460686302,0.36762397067049524,0.4049630695255466,0.277126842589728,0.36574401806953527,0.3570641425873674,0.3923536363782951,0.5525380019523565,0.37468056359890956,0.48397483002415054,0.41227916392421027,0.446221187114334,0.4097486569914601,0.3678165087643348,0.451881274295472,0.38831358469179567,0.2598582142152768,0.31565928921216824,0.40881638760599626,0.38413322171758724,0.4270896038153197,0.45399020279996094,0.4003711964205321,0.39013688027228266
A35,0.36964763541544043,0.0,0.20296181444913175,0.4962215377477659,0.2645190918749526,0.2883725883106675,0.23510178163522666,0.3113574225597633,0.27513440234505415,0.25087622934779075,0.17265489754938956,0.2858354342085022,0.3405209443611531,0.46647414228283435,0.29629514369385856,0.2558889717218237,0.3304440735114911,0.35855388876416383,0.31110038913295557,0.31655475429220326,0.3927018730069102,0.37288239760297315,0.32509563903150485,0.2829388303626701,0.578428199059307,0.46002717951906114,0.2763956410244023,0.32196374166319286,0.2099051592476644,0.20063793128624818,0.40236892269596536,0.3689488041526101,0.39663514897873453,0.4025354897407811,0.2565255738719153,0.2611132420002904,0.3551293353962204,0.319092635525005,0.4090688186103054,0.43924395888284506,0.2901106051771455,0.4912610241133737,0.3471841411330824,0.35627504953722544,0.33617700921423876,0.3544564010196912,0.4093433557705497,0.2609969415150466,0.29616050517420445,0.269819223596123,0.32418151822773544,0.3174664844970453,0.2272521591369261,0.3697253875773322,0.30885712636179286,0.27048333411635994,0.30056330184378244,0.2836152552987218
A58,0.33217324487767064,0.20296181444913175,0.0,0.39924704520410215,0.2520445696338278,0.37857740588442257,0.28681945244978346,0.3118002932182058,0.3241193952112341,0.30140507718588405,0.2601998645679494,0.35297440589281714,0.24840189418764336,0.4697824251692623,0.21248441631970105,0.32094602400894634,0.45180856548530957,0.31593722949104164,0.3128192435887883,0.24958711565652358,0.38872711654335956,0.2850853183103458,0.3125209657512249,0.3113458468525152,0.6369733784140635,0.41541436605346016,0.27111316282940534,0.3287306722960648,0.3394260871828394,0.2914763146979171,0.5170507699294866,0.3418182642359352,0.46163605149730025,0.5282212396208243,0.2488873157134469,0.17842758254538404,0.279864373645079,0.3565574115640593,0.37263428684654754,0.34746683494332076,0.3186940759906217,0.5280590635758852,0.3570397359094992,0.30657650395699165,0.28913613439330577,0.39469316785926123,0.33032601645242265,0.2537311207253158,0.47664878281661427,0.19346777513858582,0.26977435131388416,0.3793246566759211,0.2134333666398157,0.3943461277606508,0.23588821361279566,0.28073387658007287,0.35516196885054274,0.2700395139899999
A63,0.39276034205742205,0.4962215377477659,0.39924704520410215,0.0,0.48703241424291954,0.5795753866475242,0.5096428859746143,0.30697819582970276,0.5707981488992186,0.4620753337464426,0.5405821794087151,0.5316205390860854,0.39962041184251984,0.5085182336168994,0.45805699037709213,0.3393262576667029,0.6092657254859009,0.4707686368566739,0.44154331893468657,0.4213219774624748,0.4692353191509355,0.3002032223698655,0.583045077861204,0.5020780667350504,0.5609924022259916,0.7847275025379865,0.36660321694039355,0.5457935456428618,0.526901360974819,0.45403262544597855,0.43931390620603417,0.49908220588975305,0.5259162709087004,0.44827587424985305,0.4865563040987638,0.4674339232867466,0.3639606689227953,0.49718452721371853,0.5367816834888837,0.5740065324913977,0.42100564969097487,0.6716761914429278,0.53530428651788,0.4840935314300687,0.5926012658376106,0.5989387873152345,0.37877466899185397,0.3387829972620163,0.5836789366913886,0.3579889758953376,0.298120707929853,0.4748746566260138,0.42355674698978685,0.3976836684815832,0.34610393751385293,0.36269562681333234,0.5531367477454923,0.5394754923476337
A89,0.4012996752448539,0.2645190918749526,0.2520445696338278,0.48703241424291954,0.0,0.3886891186906163,0.2353255905287691,0.35773633615803424,0.35608857401824734,0.30939265126529947,0.2616893178765023,0.2809298604983129,0.35780608223836696,0.504125850338708,0.309992364438454,0.3297623410521101,0.42648182344190677,0.334812330251376,0.2775911449355809,0.1756123573838213,0.41886274828691517,0.3423081317484332,0.2836786584223463,0.24621797632970077,0.5555136561408809,0.34749993337216745,0.31562843817611586,0.2429564646231478,0.34595397229005853,0.25757893160746603,0.5025963818040478,0.4207411412504666,0.35522234446443735,0.6084316012947812,0.15855828836323427,0.2431045528739182,0.34606316527724224,0.31554547340012484,0.44680888476532155,0.39803435158146516,0.3757919586050974,0.4659786119038356,0.32131230127785604,0.2705606853217578,0.3645322985617786,0.3200001022392204,0.3672506812270473,0.3155812799769314,0.3793278474894307,0.3241690953694015,0.38603788926562377,0.29032193964121855,0.21611391231815869,0.44307005665402266,0.30761468649820944,0.2799445859710905,0.42180090013061733,0.28534023216997406
A94,0.4929564986704217,0.2883725883106675,0.37857740588442257,0.5795753866475242,0.3886891186906163,0.0,0.2844804467029466,0.4072768278600666,0.28194972940474083,0.45759071648549376,0.2646870569753832,0.436866202616632,0.49872090456242535,0.6171285015847665,0.3957895622958827,0.40002308303482614,0.43574664538494656,0.3764467913905042,0.5084445952151814,0.4907895958345546,0.5542986045351489,0.43073167820693503,0.36933667494247013,0.3650367050993142,0.6453560439194754,0.5429834397594266,0.3695466806123082,0.5064413074001222,0.3404698434817298,0.2739388854539212,0.5045457386851093,0.3246164127290667,0.4205010407658588,0.45912540896260845,0.3397347067101507,0.3892495665894401,0.4490496004722382,0.32293458294430444,0.3726873829069338,0.46222216104824665,0.3640100215528248,0.5474842786148146,0.45779360984604245,0.5032214589953079,0.45696737271800136,0.502119226596199,0.4693256989118638,0.31198209893391693,0.3193755880122169,0.3963190238027312,0.4519494190719623,0.32021656855468583,0.42189368963355145,0.37148101804954525,0.46054862296065013,0.3215093278627382,0.276449697822145,0.3629600729715121
A36,0.46444522508024555,0.23510178163522666,0.28681945244978346,0.5096428859746143,0.2353255905287691,0.2844804467029466,0.0,0.27722682721937897,0.2457216793928122,0.37259749578105283,0.21700279079701768,0.2607576481733215,0.3961580542790244,0.554741471669334,0.2862452010568157,0.3327362723360917,0.31985184688407786,0.2560523455019137,0.26801869141598467,0.2950375465780243,0.44925839228075315,0.3664146934498764,0.3490729226916842,0.21137636494845535,0.49499606700416543,0.34757370066183746,0.2704654467849319,0.29592800051410206,0.32555197212919407,0.23545823266668509,0.39350338642131655,0.3353342302114265,0.3833423458276376,0.5597721800560547,0.2044723332728714,0.3665957919138467,0.3327689008411374,0.3501782604557224,0.4560027545192882,0.41436957799950147,0.30352458088253953,0.4332489394411244,0.33349743552605127,0.3349801273971518,0.3526554560501748,0.3105869729666627,0.4334819867601192,0.341270343108224,0.3243626084671102,0.3672627723764441,0.38728706357979403,0.3846683935622075,0.25845244266817824,0.43015412060685765,0.3191248144249458,0.23579587184388662,0.4110040098111476,0.29646629099876887
A42,0.4112980567626455,0.3113574225597633,0.3118002932182058,0.30697819582970276,0.35773633615803424,0.4072768278600666,0.27722682721937897,0.0,0.4092024611835259,0.34442289931072523,0.28237090210124816,0.3634847420213665,0.30505489381103357,0.4303091218484598,0.33789776379629943,0.3179212799252643,0.3586726591683249,0.3066158789211598,0.28764772368899016,0.33871348892782616,0.3999963193902547,0.3697284164795662,0.45407873049661107,0.3803772196850743,0.5179626982748944,0.5628082990273469,0.24626202408300024,0.3575607787159868,0.3735934202982045,0.37032425218682474,0.2698130573652774,0.42931650566470103,0.4295667162628942,0.45216120175408137,0.34194523124634113,0.34396763181971046,0.3486447612708511,0.43536841224256895,0.47713091218302595,0.4429046205979429,0.34218543857401806,0.4756684511147332,0.35372165804110123,0.491903608117643,0.42134013067876674,0.37088444071741367,0.4147592038395582,0.3596470428549958,0.4113765922770173,0.3749651725229036,0.3822016567338976,0.4096446854864215,0.29174838407697046,0.46092648003640657,0.32536231834032636,0.24990008846990386,0.4598089355213558,0.36571526143592326
A47,0.45810275981687243,0.27513440234505415,0.3241193952112341,0.5707981488992186,0.35608857401824734,0.28194972940474083,0.2457216793928122,0.4092024611835259,0.0,0.3441736752016159,0.32828430526701746,0.35420914878214216,0.45641500588740624,0.6059768444929272,0.37825261061889526,0.33534847182850536,0.37368328368284587,0.31625796448707166,0.4354687121410641,0.3959366479493053,0.4460292134524533,0.4456005601340163,0.26003568081326955,0.2546593013031806,0.5975941625286909,0.48086248247876284,0.3445918953262984,0.35474972774221303,0.33989726841501056,0.25854227753871484,0.46565583502609276,0.3706786135086735,0.45690118832612636,0.5319945997975906,0.34132174275988425,0.3393319698402947,0.34921809937422155,0.3640934730010439,0.46864844065522415,0.3587350477276221,0.21267390207061732,0.35969339125923483,0.4194410158130114,0.4130993593574174,0.2914177432655891,0.43058601265027296,0.40677790038475903,0.3523554809533267,0.3347176772855195,0.3634296925825048,0.4677834345429497,0.3670260395794024,0.3702565450515143,0.3795634132296837,0.42726881811798934,0.2961655181885682,0.2969206373767802,0.32542818237955917
A59,0.41256305940954363,0.25087622934779075,0.30140507718588405,0.4620753337464426,0.30939265126529947,0.45759071648549376,0.37259749578105283,0.34442289931072523,0.3441736752016159,0.0,0.325743429461844,0.21671665820446373,0.2501116504301949,0.3641506953515278,0.3025258149899993,0.38720573362077615,0.31930236580126226,0.31826888331587555,0.36589681277778896,0.2528746410354381,0.3457560799157482,0.3459399236377544,0.31349961351638156,0.38527286580564757,0.5881971295426603,0.46716289833691627,0.31588367566208775,0.2810199729866284,0.3117575646786588,0.2790204486232838,0.5237530623184261,0.44934575008689637,0.4426831897248611,0.5455571415814182,0.34636920409284155,0.20277950890539642,0.3931450312273438,0.31532418752503943,0.3527424921174379,0.3753324668954684,0.41139929159069955,0.3964365905618552,0.3566715280838725,0.3781571576451376,0.34864728836555336,0.40598985870932924,0.3294835946417285,0.32683348223662223,0.42676258146345736,0.34771334429480283,0.4033341660628661,0.4770377570164187,0.22470604109795644,0.3644341520027744,0.3218767845640792,0.41433922751858665,0.47547377314765604,0.27989821750052823
A75,0.4173406232028699,0.17265489754938956,0.2601998645679494,0.5405821794087151,0.2616893178765023,0.2646870569753832,0.21700279079701768,0.28237090210124816,0.32828430526701746,0.325743429461844,0.0,0.32016696125215804,0.39851960605762693,0.5045901241712685,0.23620458017043622,0.31027816647686957,0.3348106554588678,0.2839546140277389,0.34421105158292575,0.312849012275926,0.4164356164449494,0.3395332504685167,0.31649296406996197,0.29608761543941864,0.5550080779709072,0.33082593691453943,0.24961915184665695,0.30146726112253164,0.25054005576609284,0.2854918342616213,0.41318896065979926,0.3663560179323154,0.3508675220681068,0.503765781767959,0.24087996989666516,0.25633779851002014,0.34847232980427556,0.3580548316555461,0.3572173932652455,0.37158726941170694,0.29086507973135955,0.5087033872799273,0.2978721121813127,0.41846704388862144,0.300622234348634,0.3137475652316092,0.5120421988160653,0.3496463900155795,0.25789103093004107,0.35107951707672846,0.4166631853305772,0.3304637723788332,0.2259416348401273,0.4782891078115806,0.3294758523103901,0.285386747809265,0.33492328822122486,0.316656641436036
A98,0.37336351540725654,0.2858354342085022,0.35297440589281714,0.5316205390860854,0.2809298604983129,0.436866202616632,0.2607576481733215,0.3634847420213665,0.35420914878214216,0.21671665820446373,0.32016696125215804,0.0,0.29010041692495037,0.309020293392808,0.33165159534600797,0.36820672938343624,0.2980345857799518,0.36250627711700456,0.31821300690178045,0.3118983083663941,0.2899200772329026,0.3718714305831248,0.3118251006404241,0.3285377464862016,0.47494252659946334,0.32272416905736023,0.3549077066282438,0.24286693545523064,0.35733654620191335,0.3070759466613552,0.4251441806760039,0.3869887503959272,0.3031845076413302,0.5045182190927583,0.26008110381255545,0.288160693286875,0.4120057683921454,0.24275632680823667,0.36521992489265087,0.35928158340431815,0.41720166696957695,0.3817878958280416,0.3433233989041029,0.3380170626308934,0.36358441713885203,0.3505647333644424,0.4067008842167349,0.37192576720755866,0.382852295612766,0.4178823697027454,0.43257838678029137,0.37646155161288875,0.2914850691260188,0.43018452644262284,0.3453283897160526,0.38233828343991116,0.44484522816564465,0.24266001022008943
A40,0.45191010303084433,0.3405209443611531,0.24840189418764336,0.39962041184251984,0.35780608223836696,0.49872090456242535,0.3961580542790244,0.30505489381103357,0.45641500588740624,0.2501116504301949,0.39851960605762693,0.29010041692495037,0.0,0.45398234299697304,0.30090351229640344,0.3866650664215241,0.3653879098583709,0.3697551756373987,0.27653735750331176,0.25373649986159785,0.4119798943203825,0.3133089637859515,0.4423087287677989,0.38927290211118126,0.6518831174758595,0.5048968315809492,0.2934909309669733,0.2898131705361986,0.4573248833965624,0.3734065540105841,0.5444754488329682,0.4096270767639971,0.4970645012385656,0.632050200345684,0.297302839668768,0.27617865106149964,0.34572409157011263,0.3558216929946345,0.37896578082254084,0.2919006674856539,0.5211762530312516,0.43154050638543706,0.33830224187284186,0.26212718880951247,0.36765974797917156,0.5002184735740112,0.3399822467910898,0.2889444723591653,0.6022319317564679,0.2867771001550018,0.41550992970757694,0.46792451421089454,0.2518540799024269,0.4755871256098002,0.3345275218863517,0.39565329222173107,0.5245605236940116,0.23025485776161303
A51,0.26069467193155127,0.46647414228283435,0.4697824251692623,0.5085182336168994,0.504125850338708,0.6171285015847665,0.554741471669334,0.4303091218484598,0.6059768444929272,0.3641506953515278,0.5045901241712685,0.309020293392808,0.45398234299697304,0.0,0.5474133193032577,0.5952045708010647,0.501709943110116,0.5053358527794707,0.47377071642051094,0.5172682955393366,0.39372520136067846,0.5165030761458377,0.515477769023263,0.5764498725173017,0.49016458333488655,0.48136919143277257,0.5340520157158162,0.4695884173488184,0.5233992536960961,0.5702421641389162,0.4099981073091973,0.5055542043057044,0.36626222565981337,0.42089269188757517,0.5668347913594286,0.3710476407405643,0.480763900970668,0.42911093381388,0.42675783743181683,0.49119245407489753,0.5874894086902019,0.6145504456187172,0.40247913587744566,0.6436227758153115,0.5053050507908172,0.39028655591829275,0.50697496789416,0.5807865688920735,0.5597487788288069,0.5318052267434076,0.38173774260252213,0.5052537734542217,0.46045673344925564,0.5596388952941282,0.4938417196356205,0.647861731019767,0.578993980008038,0.5183964416524645
A57,0.46188771891018277,0.29629514369385856,0.21248441631970105,0.45805699037709213,0.309992364438454,0.3957895622958827,0.2862452010568157,0.33789776379629943,0.37825261061889526,0.3025258149899993,0.23620458017043622,0.33165159534600797,0.30090351229640344,0.5474133193032577,0.0,0.3367715388947884,0.34512327467570025,0.23497623565772896,0.3232790190696563,0.22668462196072803,0.28178419001447585,0.23587442689803584,0.27658185202001795,0.3362153325290669,0.5268991200097379,0.4251789163628823,0.27914045834370416,0.33870588705096083,0.37335878194104166,0.3131932997149026,0.5393116032573199,0.3544806907892838,0.43634281684004017,0.6069089357724039,0.2797114607206267,0.3156693453241288,0.21147036179346335,0.354112888381411,0.3755439014584129,0.35484452384199716,0.3483147681004026,0.4162429559619961,0.37854605894338844,0.36734725679462377,0.24430252569079236,0.3312916457787185,0.48608751755835833,0.2817777841912852,0.4719781285466441,0.292660338623691,0.432133372824714,0.44954884849932386,0.21966247189678667,0.5487457398386506,0.2746222843510099,0.24699651106985543,0.44090989071837594,0.27119099427148174
A2,0.3837729467040828,0.2558889717218237,0.32094602400894634,0.3393262576667029,0.3297623410521101,0.40002308303482614,0.3327362723360917,0.3179212799252643,0.33534847182850536,0.38720573362077615,0.31027816647686957,0.36820672938343624,0.3866650664215241,0.5952045708010647,0.3367715388947884,0.0,0.40713923612422354,0.38795885679317843,0.32406721307056385,0.2916399149661927,0.32332848109040824,0.3153073425491062,0.44531697007885873,0.2974076450710855,0.4601210955778152,0.573154157660953,0.2902751964607896,0.403003166352346,0.28438273188138985,0.255270951309442,0.3327922892514651,0.3814429156142236,0.32772792286159225,0.4790282074157214,0.2924737364214316,0.41407621986202303,0.336781384290217,0.38618620515229174,0.4904690419351161,0.4813849547734923,0.2024477234635481,0.3976717149898793,0.38962694204575576,0.3457499708620083,0.4396795520307304,0.38872072250573564,0.423323714444775,0.27669585568636235,0.3833916796404594,0.3484862197906343,0.44071644570165747,0.33325924609751145,0.31624110349501044,0.37896775096731905,0.31468407513655305,0.2065766269673276,0.390438670955673,0.3065563465525877
A28,0.5544173581138034,0.3304440735114911,0.45180856548530957,0.6092657254859009,0.42648182344190677,0.43574664538494656,0.31985184688407786,0.3586726591683249,0.37368328368284587,0.31930236580126226,0.3348106554588678,0.2980345857799518,0.3653879098583709,0.501709943110116,0.34512327467570025,0.40713923612422354,0.0,0.3751872803986359,0.32942036396446006,0.418110834949178,0.4011217891290433,0.46139699817853874,0.514882339871783,0.4095123707642542,0.51861642068456,0.48480054817433027,0.3359949565918019,0.33474634119615143,0.37012585934566644,0.4057628298612831,0.44553346959749673,0.4374513393436522,0.45872021229222737,0.6172320367314859,0.3594099365882195,0.43793716977786035,0.4245221692523835,0.39772693191313513,0.4642270999696422,0.48276050543901516,0.42787835320219514,0.4258091873346359,0.41150569848843366,0.5457386809325511,0.4979126935431232,0.3631449587400718,0.5116358441883333,0.38306459527950687,0.4100013797609404,0.4976842020265305,0.556887740118653,0.5143292937255175,0.37256544471414843,0.5666265680801479,0.4039821615890806,0.39735585899517945,0.5310775173143205,0.4295471553225867
A85,0.36454291175056763,0.35855388876416383,0.31593722949104164,0.4707686368566739,0.334812330251376,0.3764467913905042,0.2560523455019137,0.3066158789211598,0.31625796448707166,0.31826888331587555,0.2839546140277389,0.36250627711700456,0.3697551756373987,0.5053358527794707,0.23497623565772896,0.38795885679317843,0.3751872803986359,0.0,0.32814904043438564,0.2996554697479157,0.43121616968085297,0.30628433366669605,0.31824084669265307,0.36468398967149174,0.4940283750456754,0.40138529948896395,0.36997742899911523,0.3677808425417781,0.43636306478512676,0.3549220620000999,0.41778846394503855,0.27331610360016334,0.420518096793252,0.5412520524250162,0.30700131968510225,0.32133942792523873,0.2683237543895187,0.3012276814207838,0.3266238642229917,0.2683252493021697,0.42169541478543304,0.43102921237816105,0.39885795060138596,0.3829331963772702,0.29656437304637506,0.36862134790176426,0.4736982549602289,0.35351201311226166,0.39319985718740136,0.3635605385668117,0.3938650641223017,0.38237469159287407,0.29243025051937777,0.5310463535604879,0.4148218134434357,0.3302062922287021,0.3718480398051568,0.27126517244440373
A95,0.4294211116709883,0.31110038913295557,0.3128192435887883,0.44154331893468657,0.2775911449355809,0.5084445952151814,0.26801869141598467,0.28764772368899016,0.4354687121410641,0.36589681277778896,0.34421105158292575,0.31821300690178045,0.27653735750331176,0.47377071642051094,0.3232790190696563,0.32406721307056385,0.32942036396446006,0.32814904043438564,0.0,0.25131001776720063,0.3792858100654276,0.34987703538042225,0.45714953344618037,0.32770420426313196,0.4416610367085698,0.37501321056506154,0.3328899327023225,0.21123831819728223,0.4827474564774761,0.3617476998417192,0.3390858180570959,0.36759676583961776,0.365777093977126,0.6070598207712645,0.2620367771350268,0.4018979066123677,0.2918857426277002,0.387362309131406,0.4585398943540443,0.35262410897410124,0.37786769602788617,0.4551428149175466,0.28657378384287413,0.29519577328896984,0.34743324679025367,0.30931736702962487,0.4796146054026883,0.360106564674028,0.5118560024296306,0.3881280015706151,0.4611507330500425,0.43487962404583924,0.25765717473573524,0.616021029646405,0.3981741576251152,0.26691766761144675,0.49950769006208984,0.34163833707655
A7,0.452990636203231,0.31655475429220326,0.24958711565652358,0.4213219774624748,0.1756123573838213,0.4907895958345546,0.2950375465780243,0.33871348892782616,0.3959366479493053,0.2528746410354381,0.312849012275926,0.3118983083663941,0.25373649986159785,0.5172682955393366,0.22668462196072803,0.2916399149661927,0.418110834949178,0.2996554697479157,0.25131001776720063,0.0,0.32921599972827165,0.24919812629175164,0.30582355125136673,0.27046127658763675,0.5073036021915055,0.4199625886997601,0.23321506287793503,0.2439245104758554,0.34472150928181355,0.25968185043428604,0.46538811238030897,0.45490191120049495,0.3638942171533557,0.6816592841034169,0.19494075555202806,0.23918746235107557,0.27126960068515116,0.3724598737287187,0.4952318796798698,0.39154550470306293,0.37877205115515944,0.41834642852992465,0.3665040639236501,0.25213156009354487,0.2824002173403062,0.33827264843731897,0.4017971275886648,0.304773745444885,0.5301046446808135,0.2623257683538668,0.4095647491540526,0.4016230814295605,0.17215711276812817,0.5530902311391577,0.2572256161946279,0.27764424719443703,0.5431808577693795,0.2625042366061957
A12,0.35484879981911144,0.3927018730069102,0.38872711654335956,0.4692353191509355,0.41886274828691517,0.5542986045351489,0.44925839228075315,0.3999963193902547,0.4460292134524533,0.3457560799157482,0.4164356164449494,0.2899200772329026,0.4119798943203825,0.39372520136067846,0.28178419001447585,0.32332848109040824,0.4011217891290433,0.43121616968085297,0.3792858100654276,0.32921599972827165,0.0,0.3382611077788348,0.35212121139289754,0.4301163932623452,0.4598608926475314,0.4692885634451158,0.3781421664777468,0.40909279868140935,0.42647891126613546,0.3461438445886521,0.428051885608823,0.3940895940767598,0.3117543746896748,0.49836065719726597,0.3938311302917885,0.4260401563984956,0.26932760338928463,0.3395825176744869,0.4527782450145976,0.4590328260622314,0.3568187362176376,0.3666794438055423,0.39214473150256124,0.42431921774891446,0.3818592688812402,0.41461519047737594,0.5109001104502312,0.3759652181349954,0.5088223854161202,0.35392961052690664,0.47869780372062776,0.43691669093615715,0.3196405873710628,0.5282427525098877,0.39354612834881053,0.3105204142031627,0.4928442538823502,0.3874065988681106
A13,0.3732011389291161,0.37288239760297315,0.2850853183103458,0.3002032223698655,0.3423081317484332,0.43073167820693503,0.3664146934498764,0.3697284164795662,0.4456005601340163,0.3459399236377544,0.3395332504685167,0.3718714305831248,0.3133089637859515,0.5165030761458377,0.23587442689803584,0.3153073425491062,0.46139699817853874,0.30628433366669605,0.34987703538042225,0.24919812629175164,0.3382611077788348,0.0,0.38835891022520397,0.31471153266053054,0.4630713464619215,0.5263649969217711,0.32388481223604837,0.4018475515833857,0.4802991091492331,0.31347914147005074,0.4744458569225116,0.30737260695803625,0.39253602997165193,0.5365537603844608,0.2982234652652196,0.3239875587469532,0.23768859468295267,0.26944484209439357,0.3902942821619175,0.31898793188459773,0.3544618777146932,0.4238429099245816,0.3845979706281005,0.31376287560346416,0.37113691853529474,0.43692685337738935,0.45768463138801874,0.30653768565373773,0.5052025650403735,0.2599545809142647,0.33956247110362137,0.35913956004220926,0.2270509683892339,0.4830585645178107,0.2767706163216087,0.28773926001315053,0.4042691609400524,0.29449456008154096
A31,0.4173818312459845,0.32509563903150485,0.3125209657512249,0.583045077861204,0.2836786584223463,0.36933667494247013,0.3490729226916842,0.45407873049661107,0.26003568081326955,0.31349961351638156,0.31649296406996197,0.3118251006404241,0.4423087287677989,0.515477769023263,0.27658185202001795,0.44531697007885873,0.514882339871783,0.31824084669265307,0.45714953344618037,0.30582355125136673,0.35212121139289754,0.38835891022520397,0.0,0.33075691407958474,0.6050421169607447,0.42296593276051386,0.4028031765063659,0.35631189300194377,0.4222491123454548,0.3299544075299471,0.6090027950661006,0.4098793451121783,0.4407757401084331,0.5504408138108376,0.3311839440854115,0.288005794670639,0.3476966042015106,0.3029265607881688,0.3460444193752318,0.3309185144396052,0.3664150794538231,0.36930642567964034,0.4497835460731733,0.36444457383051054,0.19521203736005266,0.37374187380699775,0.47982357847583534,0.3945003106502255,0.46842844875546064,0.32627670291843136,0.5024951457242111,0.32012989368550604,0.26897034134552944,0.4402858444719234,0.3934864463666714,0.3073023582347024,0.29979012069433375,0.24797428059430426
A50,0.44044414314157565,0.2829388303626701,0.3113458468525152,0.5020780667350504,0.24621797632970077,0.3650367050993142,0.21137636494845535,0.3803772196850743,0.2546593013031806,0.38527286580564757,0.29608761543941864,0.3285377464862016,0.38927290211118126,0.5764498725173017,0.3362153325290669,0.2974076450710855,0.4095123707642542,0.36468398967149174,0.32770420426313196,0.27046127658763675,0.4301163932623452,0.31471153266053054,0.33075691407958474,0.0,0.5346963033332757,0.42463339552568924,0.2655831100014763,0.2987925894738207,0.3553224631024797,0.22882645021496117,0.48791479399929594,0.40628232388714625,0.37713630813579735,0.6052664663034835,0.2705078225461791,0.32396894282627064,0.2712283347266148,0.3291468719389855,0.5271595490067196,0.3927459424742452,0.2711466773745741,0.3346678906107051,0.3120932602605735,0.24772522468320046,0.34785087805681636,0.3787445190725085,0.455148468609461,0.3592754774582618,0.4143782778643754,0.28251876185509306,0.4462861524356613,0.3620638022854581,0.25555154613592046,0.43361337964340785,0.3209477166439819,0.2734033768661349,0.44052564635375124,0.2329328392712251
A53,0.41513273953766927,0.578428199059307,0.6369733784140635,0.5609924022259916,0.5555136561408809,0.6453560439194754,0.49499606700416543,0.5179626982748944,0.5975941625286909,0.5881971295426603,0.5550080779709072,0.47494252659946334,0.6518831174758595,0.49016458333488655,0.5268991200097379,0.4601210955778152,0.51861642068456,0.4940283750456754,0.4416610367085698,0.5073036021915055,0.4598608926475314,0.4630713464619215,0.6050421169607447,0.5346963033332757,0.0,0.5495950006798326,0.5645869276063815,0.4259184627166195,0.5598013219711646,0.5539109490084552,0.4052985102600436,0.5008314539572012,0.35314493749980114,0.6390064971321383,0.5991723619732933,0.6413760805752529,0.4993759065034885,0.5564646287718362,0.5728575709201827,0.5090883521963471,0.48714984974133857,0.4521852626936541,0.37520759833915074,0.5863012100728261,0.5447882242125368,0.3249695044443174,0.5916226067098342,0.5875060565022687,0.6066536127997088,0.6632330182745374,0.6142062088220608,0.540649315460968,0.5609582683685519,0.6270765525208735,0.5412564182458066,0.5377991284848567,0.6544337376327876,0.608367787984696
A96,0.5318923569158251,0.46002717951906114,0.41541436605346016,0.7847275025379865,0.34749993337216745,0.5429834397594266,0.34757370066183746,0.5628082990273469,0.48086248247876284,0.46716289833691627,0.33082593691453943,0.32272416905736023,0.5048968315809492,0.48136919143277257,0.4251789163628823,0.573154157660953,0.48480054817433027,0.40138529948896395,0.37501321056506154,0.4199625886997601,0.4692885634451158,0.5263649969217711,0.42296593276051386,0.42463339552568924,0.5495950006798326,0.0,0.5130408600169224,0.326314699483652,0.5402870687649246,0.48912433236495123,0.5343376666499917,0.4470502437067393,0.3139871198926619,0.8115904565192432,0.3595353312274102,0.39719383984141476,0.5199748819473328,0.5012399398566952,0.4189805051659117,0.3690130758968524,0.5221397921007944,0.5211722401163331,0.2803879513563047,0.4028091049287421,0.46881744473909437,0.4001189597633068,0.6751694438388608,0.597899167756109,0.48683063045604846,0.5533279406386646,0.6683318254062685,0.51334571558361,0.3837458130718473,0.7052701283888555,0.4995799163237914,0.5646709044477214,0.5749005477513269,0.44703245327760877
A22,0.4858043329486682,0.2763956410244023,0.27111316282940534,0.36660321694039355,0.31562843817611586,0.3695466806123082,0.2704654467849319,0.24626202408300024,0.3445918953262984,0.31588367566208775,0.24961915184665695,0.3549077066282438,0.2934909309669733,0.5340520157158162,0.27914045834370416,0.2902751964607896,0.3359949565918019,0.36997742899911523,0.3328899327023225,0.23321506287793503,0.3781421664777468,0.32388481223604837,0.4028031765063659,0.2655831100014763,0.5645869276063815,0.5130408600169224,0.0,0.2722714762650317,0.24056750681909234,0.22675375577225276,0.374176464577302,0.4515437406664736,0.3743046788655008,0.5615445090295698,0.2850307124935173,0.2637560316358033,0.2689786967911142,0.43108906512939693,0.5056312076395888,0.4732131709990244,0.3020245052676651,0.45983363707539326,0.36391448753301137,0.34817508162845645,0.40794793024730336,0.37798522779921584,0.3512418100808715,0.3054535066804488,0.38793371446410807,0.2504483212476717,0.3781765253157976,0.40803099182192915,0.2555108528517319,0.4179838908196192,0.27831546130170093,0.26006623404067075,0.5256333859218638,0.353956258484438
A44,0.4913924272250192,0.32196374166319286,0.3287306722960648,0.5457935456428618,0.2429564646231478,0.5064413074001222,0.29592800051410206,0.3575607787159868,0.35474972774221303,0.2810199729866284,0.30146726112253164,0.24286693545523064,0.2898131705361986,0.4695884173488184,0.33870588705096083,0.403003166352346,0.33474634119615143,0.3677808425417781,0.21123831819728223,0.2439245104758554,0.40909279868140935,0.4018475515833857,0.35631189300194377,0.2987925894738207,0.4259184627166195,0.326314699483652,0.2722714762650317,0.0,0.343840209071119,0.3094408314214493,0.43977740072108507,0.4521652572341369,0.40222867082976166,0.6618296028366806,0.2830624583305106,0.2572343029909464,0.33094596480443805,0.3959126572191872,0.4705569517251341,0.29344801705414647,0.4175398616452445,0.3821067712917101,0.2379091469217398,0.318796147136005,0.31305081886257047,0.263593471637005,0.34908641468668944,0.35407483484494084,0.4288410742999278,0.39620332707125916,0.4705371638844854,0.4586509132440132,0.26464283217689866,0.5397724834995099,0.3658049526823116,0.35605655598167574,0.5363183426476027,0.3100193808640178
A46,0.45502905304970986,0.2099051592476644,0.3394260871828394,0.526901360974819,0.34595397229005853,0.3404698434817298,0.32555197212919407,0.3735934202982045,0.33989726841501056,0.3117575646786588,0.25054005576609284,0.35733654620191335,0.4573248833965624,0.5233992536960961,0.37335878194104166,0.28438273188138985,0.37012585934566644,0.43636306478512676,0.4827474564774761,0.34472150928181355,0.42647891126613546,0.4802991091492331,0.4222491123454548,0.3553224631024797,0.5598013219711646,0.5402870687649246,0.24056750681909234,0.343840209071119,0.0,0.2096670201265376,0.38660557697579145,0.542605017262225,0.3963388782769848,0.4756351675301205,0.32372710213218625,0.2985451995608982,0.4575138997527618,0.4094427277390841,0.5133185631762301,0.5491127864039046,0.3297225208485731,0.5447803916547885,0.3761385025451096,0.5108342209769504,0.42785389987701294,0.40599625208314016,0.40027089731954946,0.29477663806763155,0.22627896520597868,0.42846771045227006,0.3748071295314467,0.42698372314612587,0.3823879913634288,0.40611669501740855,0.31196503158673716,0.35365273699689725,0.4828014577265276,0.39305697374157034
A64,0.4374830047733601,0.20063793128624818,0.2914763146979171,0.45403262544597855,0.25757893160746603,0.2739388854539212,0.23545823266668509,0.37032425218682474,0.25854227753871484,0.2790204486232838,0.2854918342616213,0.3070759466613552,0.3734065540105841,0.5702421641389162,0.3131932997149026,0.255270951309442,0.4057628298612831,0.3549220620000999,0.3617476998417192,0.25968185043428604,0.3461438445886521,0.31347914147005074,0.3299544075299471,0.22882645021496117,0.5539109490084552,0.48912433236495123,0.22675375577225276,0.3094408314214493,0.2096670201265376,0.0,0.41213376064769214,0.4252649399357876,0.36288830782171644,0.5296488853776169,0.2843731979518772,0.29544207938774814,0.29815986405188477,0.28250665570305156,0.47357624164658774,0.4361117493794865,0.3233359917816051,0.4274808307443436,0.3487908603343113,0.2959338302145412,0.37289946852143285,0.4334287188958523,0.35932575785539245,0.2170548086469426,0.3280144734010212,0.28644023084618886,0.3537680089662527,0.3745797974813503,0.2683776240307576,0.3722710135446029,0.33256424614609637,0.23190714357643705,0.4019956825547071,0.28406685896135875
A99,0.4476070105135084,0.40236892269596536,0.5170507699294866,0.43931390620603417,0.5025963818040478,0.5045457386851093,0.39350338642131655,0.2698130573652774,0.46565583502609276,0.5237530623184261,0.41318896065979926,0.4251441806760039,0.5444754488329682,0.4099981073091973,0.5393116032573199,0.3327922892514651,0.44553346959749673,0.41778846394503855,0.3390858180570959,0.46538811238030897,0.428051885608823,0.4744458569225116,0.6090027950661006,0.48791479399929594,0.4052985102600436,0.5343376666499917,0.374176464577302,0.43977740072108507,0.38660557697579145,0.41213376064769214,0.0,0.48008722310790364,0.29472089944373847,0.475895504073073,0.4576027920958088,0.5380280222017271,0.4515156168606774,0.5025365107145728,0.6541089879890494,0.5828830707105066,0.41878481856470084,0.5655709920041081,0.3982527189402564,0.635534738343122,0.5132560862554517,0.36629319523925574,0.5514031099606571,0.5042297069218109,0.3897521547941145,0.5525612388902388,0.45318485255084995,0.3767535724198591,0.49667854137483836,0.5907025402252573,0.48685349448148996,0.3951504362914905,0.518675249128416,0.5314528964326836
A17,0.372160347956642,0.3689488041526101,0.3418182642359352,0.49908220588975305,0.4207411412504666,0.3246164127290667,0.3353342302114265,0.42931650566470103,0.3706786135086735,0.44934575008689637,0.3663560179323154,0.3869887503959272,0.4096270767639971,0.5055542043057044,0.3544806907892838,0.3814429156142236,0.4374513393436522,0.27331610360016334,0.36759676583961776,0.45490191120049495,0.3940895940767598,0.30737260695803625,0.4098793451121783,0.40628232388714625,0.5008314539572012,0.4470502437067393,0.4515437406664736,0.4521652572341369,0.542605017262225,0.4252649399357876,0.48008722310790364,0.0,0.3846426831018829,0.4140242398240006,0.3469516639025705,0.39235851684160483,0.23065620779050455,0.2530017769269195,0.21388469859140946,0.29836033838255116,0.3868141343811087,0.461098938283783,0.38149447049041807,0.3217804333106138,0.4720303296719337,0.457409666917167,0.49027086909831996,0.3733741723421009,0.4883335348812251,0.2885694398683074,0.42099384500385295,0.3411416093594464,0.29270526417270304,0.4407600661390625,0.4701291347820553,0.3412992446167584,0.3210388908711349,0.2929808488249619
A21,0.33497075418782296,0.39663514897873453,0.46163605149730025,0.5259162709087004,0.35522234446443735,0.4205010407658588,0.3833423458276376,0.4295667162628942,0.45690118832612636,0.4426831897248611,0.3508675220681068,0.3031845076413302,0.4970645012385656,0.36626222565981337,0.43634281684004017,0.32772792286159225,0.45872021229222737,0.420518096793252,0.365777093977126,0.3638942171533557,0.3117543746896748,0.39253602997165193,0.4407757401084331,0.37713630813579735,0.35314493749980114,0.3139871198926619,0.3743046788655008,0.40222867082976166,0.3963388782769848,0.36288830782171644,0.29472089944373847,0.3846426831018829,0.0,0.542506510068615,0.36804051854847664,0.3938205728989982,0.4029204813367402,0.32983733245166524,0.4235653411648156,0.4364711860763013,0.3731888224419384,0.4823990205777221,0.30054786076222184,0.4718827546109189,0.5069115305223009,0.39404819296636573,0.5922455345440569,0.48919454804171647,0.3769664064367474,0.508060780557217,0.5114261267733167,0.3064657545554553,0.3986654558293661,0.539055446610303,0.47061355520778414,0.4411279906069351,0.5045400644403812,0.4009820366526339
A41,0.33498898469045235,0.4025354897407811,0.5282212396208243,0.44827587424985305,0.6084316012947812,0.45912540896260845,0.5597721800560547,0.45216120175408137,0.5319945997975906,0.5455571415814182,0.503765781767959,0.5045182190927583,0.632050200345684,0.42089269188757517,0.6069089357724039,0.4790282074157214,0.6172320367314859,0.5412520524250162,0.6070598207712645,0.6816592841034169,0.49836065719726597,0.5365537603844608,0.5504408138108376,0.6052664663034835,0.6390064971321383,0.8115904565192432,0.5615445090295698,0.6618296028366806,0.4756351675301205,0.5296488853776169,0.475895504073073,0.4140242398240006,0.542506510068615,0.0,0.5536592437364125,0.5004318455285371,0.5017777066471465,0.3839904263191215,0.484539187137237,0.5945503459707752,0.4794646067167252,0.7181711164333717,0.6580464383934332,0.7090416676995402,0.6344538461565606,0.5344772890501064,0.5448891120343664,0.45726027604817454,0.3805189349710332,0.47221192216928154,0.33018297216856896,0.4338279449883674,0.5626243711509522,0.4270434382605651,0.5625689907814901,0.49622998601214374,0.4678527941693882,0.5357944817455433
A72,0.4648009460686302,0.2565255738719153,0.2488873157134469,0.4865563040987638,0.15855828836323427,0.3397347067101507,0.2044723332728714,0.34194523124634113,0.34132174275988425,0.34636920409284155,0.24087996989666516,0.26008110381255545,0.297302839668768,0.5668347913594286,0.2797114607206267,0.2924737364214316,0.3594099365882195,0.30700131968510225,0.2620367771350268,0.19494075555202806,0.3938311302917885,0.2982234652652196,0.3311839440854115,0.2705078225461791,0.5991723619732933,0.3595353312274102,0.2850307124935173,0.2830624583305106,0.32372710213218625,0.2843731979518772,0.4576027920958088,0.3469516639025705,0.36804051854847664,0.5536592437364125,0.0,0.2693803528941793,0.3366401034438923,0.28960678307170773,0.415591533038012,0.389895517814568,0.3796312001472987,0.5116233861764394,0.3366172001297374,0.2754936227589243,0.3920719633475952,0.3737671754668823,0.4651164493390477,0.30315873505567004,0.37574032442319427,0.32595892057634157,0.40882109375036113,0.33098124744468504,0.2314438768037822,0.5076185027832889,0.3018879106118222,0.26551168290149296,0.3860585160886234,0.26346308406323027
