,A4,A35,A58,A63,A89,A94,A36,A42,A47,A59,A75,A98,A40,A51,A57,A2,A28,A85,A95,A7,A12,A13,A31,A50,A53,A96,A22,A44,A46,A64,A99,A17,A21,A41,A72,A88,A92,A15,A16,A23,A70,A8,A20,A49,A71,A78,A87,A100,A55,A62,A68,A5,A24,A27,A48,A74,A77,A82
A4,0.0,0.5782058753699016,0.435992290607937,0.4157673744260958,0.6037413179328892,0.5806192320317068,0.611175818602747,0.5056584781224891,0.5406178991464405,0.5687075480013737,0.5238564239155423,0.3989438124463247,0.5082218784952339,0.28105379586197754,0.5578014678104772,0.5349952312351225,0.6739854333626176,0.5442428559168175,0.6130191773093276,0.5440525278489744,0.476005863174883,0.5146055364188888,0.5282015456751499,0.5710425517363182,0.48651427653744983,0.5793249580318887,0.6226989985269812,0.5808003003056577,0.5811629674264513,0.5239696111207056,0.4991577551865729,0.4613115836683602,0.4953627464732543,0.408009913802431,0.6242132253475307,0.6170363260695343,0.5589673241926456,0.47770784712662073,0.6238816116428776,0.5268133519462885,0.6187780841352181,0.6155470411418291,0.45457455905291,0.5649282334793317,0.5116592750730775,0.5011322100538474,0.45377090849142576,0.46405640042802265,0.6830384150621909,0.41799914200879806,0.35365946448826135,0.4476098350635105,0.49783845020619477,0.4210215421497706,0.5064377016442148,0.6033923726062067,0.5934216666985104,0.49963618320590375
A35,0.5782058753699016,0.0,0.3853175774827884,0.5517091409596674,0.35321622628112614,0.45934310104394405,0.3588240232018979,0.419356763402694,0.4391377830729708,0.4300655958066021,0.33306861455935854,0.37969593076755104,0.48452019217739495,0.490445131964644,0.37078732874018494,0.42481617209480815,0.45521374757171884,0.5093014867249924,0.4271312113823712,0.43151842807281005,0.47298759243497757,0.4733420195771325,0.41088087371063553,0.4471500840690482,0.6101165262598776,0.4371825004125406,0.49450472491073727,0.40359425295494,0.3857027843984503,0.3309001462677449,0.4966609250179004,0.447227639875598,0.5397725044444013,0.4542081018114701,0.45376585178465356,0.5077497270024622,0.48231739733381895,0.4611451013248403,0.5704025702075352,0.5497213013823049,0.46147602769006346,0.5536389430309028,0.45402165291548224,0.42855136486670964,0.3794724084817973,0.3854161426163958,0.4677697015189528,0.4346937677488778,0.4206549349193036,0.3933659092009696,0.5130238219327266,0.42047565408648835,0.3963019526861753,0.5181153749704952,0.5039490037904957,0.43787016671287393,0.45492005256998436,0.4255473602054166
A58,0.435992290607937,0.3853175774827884,0.0,0.4884558730407633,0.40700006353443274,0.5092323068962773,0.3870747770591043,0.49695494697887,0.4466322826877762,0.5982092042497803,0.46275479003131725,0.417459883965251,0.41329084074038036,0.4617444424891033,0.4128474508301442,0.5207037344580208,0.5616943583156375,0.5818465036087059,0.40845282437215924,0.5002224894855101,0.5301575616150223,0.4313748561771774,0.4276598108312005,0.5044778381694979,0.5899431864220712,0.3870869097477103,0.5911984690209744,0.4707595979667907,0.49664854831928196,0.4640463165112344,0.5723233922347335,0.4540952584004002,0.6066011610261726,0.4837563019447151,0.4476648524712987,0.5880077227193385,0.5177611262112498,0.5627341881160782,0.534039005632027,0.5297032082647375,0.5479824219086373,0.5421144822542233,0.4891463285380254,0.5150154476877449,0.4362967181376265,0.3624888223610424,0.46320838958282506,0.4383218968863911,0.6589052205639478,0.3775381311879883,0.4671408538685756,0.49022796828881643,0.44103851816621353,0.5418176887021431,0.387022102317359,0.47794589929458975,0.43445712234263123,0.397924494011035
A63,0.4157673744260958,0.5517091409596674,0.4884558730407633,0.0,0.5360212812907594,0.5342934209425632,0.4615611715784539,0.3550645713926287,0.5581918210717514,0.4540248253538606,0.52773359494596,0.444806299862778,0.3844652988776467,0.3780274688574873,0.3828563220619665,0.5220217614994243,0.6714426085242724,0.4739888325281353,0.44891859775079035,0.3807620661996082,0.5901193306192849,0.456646809326374,0.43169905123969965,0.4949883654709497,0.5078703845472972,0.6168095803093729,0.4380770718471412,0.4488123179798157,0.575726336062923,0.46651935092680163,0.44709959279972766,0.5114228335741149,0.4641738682401695,0.4957847848175315,0.6209666009991022,0.5054769080648258,0.4134147743050557,0.5651625847912811,0.6227410684383468,0.5556669352304902,0.5887134645447764,0.5492343060535257,0.4638173380555398,0.5298669434121002,0.49504798808958517,0.4667920925251766,0.38418127007143577,0.43440877072163164,0.6297825239612682,0.3693605805839293,0.3658941080211069,0.446399410171773,0.33445689326581973,0.3222997501679543,0.36545976162769656,0.4677963255513653,0.7424668639305647,0.5012990708432502
A89,0.6037413179328892,0.35321622628112614,0.40700006353443274,0.5360212812907594,0.0,0.5830755963851184,0.3626045207799481,0.502728329250549,0.491834499001903,0.5183037443122565,0.45021544413060677,0.366802327912647,0.5042032603497328,0.5384300892283126,0.4715743091555361,0.499497485612716,0.40835401103679203,0.5289498497022813,0.3631264637132887,0.3257654436142039,0.4616923295790155,0.41012826971618843,0.4167332805226901,0.40299785752203543,0.545971600844612,0.32952049369645575,0.5060739076941418,0.3555422433265073,0.4812725284734761,0.43699234509921203,0.536824363856489,0.45052339967702004,0.505243676146817,0.5131828975286155,0.27117944035376074,0.4267552371431472,0.4290621899685192,0.4123861766523056,0.49533519569585027,0.503204305146963,0.4942555075510149,0.46962362024359405,0.41216686296828575,0.4070318575810534,0.47559363937340216,0.31517343397010444,0.452973527516487,0.5390663696616312,0.39495342053526716,0.43093517808018333,0.5173740441364779,0.4729283756547126,0.46948351328733784,0.5325334808945135,0.5269842609394494,0.38062401506885024,0.5219963627117252,0.4815255131556063
A94,0.5806192320317068,0.45934310104394405,0.5092323068962773,0.5342934209425632,0.5830755963851184,0.0,0.44228714616138254,0.35580263226212017,0.4047615403755106,0.48540162544831,0.29832022587554186,0.5176085403193633,0.4741017253709614,0.4757293856463808,0.4422802943022841,0.5899940348363466,0.6262339619080417,0.5117993313478365,0.6098386717585629,0.4767083983375531,0.6635941597567964,0.5844358692543217,0.3657831649829083,0.5648933747803946,0.7431886809903673,0.57581817116072,0.3816253151777994,0.518454627250255,0.44030961932262414,0.3067829198184895,0.4809922661646404,0.5364666151968676,0.5738243673491767,0.574468609561936,0.5243537494761541,0.5982501743677011,0.6362465198584544,0.6476547797502636,0.6697724762370694,0.6300889426179723,0.6412217520741602,0.6437310170762423,0.4957290600549249,0.666551016049393,0.40229834977602463,0.4739626986669916,0.48296147955757884,0.4376004031546903,0.5426634755835722,0.38607493146131944,0.6621089203001763,0.43208774154421237,0.37902279345056267,0.45933595647381487,0.48225976436218265,0.6063933697132771,0.4603309380041858,0.4826461313908247
A36,0.611175818602747,0.3588240232018979,0.3870747770591043,0.4615611715784539,0.3626045207799481,0.44228714616138254,0.0,0.352641152508676,0.3774121077970398,0.5372596752870935,0.34004191520228433,0.4314244168127772,0.43365380545802934,0.4949100037727139,0.46802189675889105,0.5597200774639551,0.49475397280064315,0.44461429436255806,0.426277350709398,0.37293885377201286,0.648500242967353,0.4555673813482335,0.3883426450514834,0.40266813156277814,0.5854636053470608,0.384056501645091,0.35797062854086925,0.3659802517111035,0.451094628399042,0.38873333613521255,0.5147186264009813,0.4547722415613782,0.5587468797323334,0.5576134304871107,0.39092429981444254,0.5202200155935577,0.4494170953861192,0.6635747669891874,0.6756060600291416,0.5002536766271312,0.5481093851099721,0.5141927744266404,0.4079742286806771,0.4913217467603356,0.378863161185627,0.3793418811461363,0.530745911874666,0.51054690158208,0.4582170222296178,0.34205497026246634,0.5180769546649824,0.48644103654013116,0.3040018155116563,0.5074573386434956,0.3593886423982485,0.5149460811283493,0.5564092602228257,0.4213092166961977
A42,0.5056584781224891,0.419356763402694,0.49695494697887,0.3550645713926287,0.502728329250549,0.35580263226212017,0.352641152508676,0.0,0.5328029100647955,0.4791475078230002,0.31570635379310874,0.4604909027757641,0.3891829145054958,0.4166186294851302,0.44435455414974834,0.534739894629447,0.5174694510356905,0.39691379621212375,0.49447435036430376,0.44157866421861725,0.566449493743181,0.4831252853040642,0.45298320439785067,0.5050277254425464,0.6397722333851398,0.583138570339317,0.3332862041525274,0.4558161794176908,0.4228785904948985,0.41753040846536627,0.37840923229501533,0.4413996547171166,0.606237943107448,0.37931186524689453,0.5288453861271623,0.5020807726679042,0.45939664578679085,0.6066439731115509,0.651653800442974,0.5318735597351538,0.6282606200274508,0.548849459441221,0.44573458107843744,0.594475520881447,0.46608443521957654,0.3951402062490045,0.46781939393939254,0.43777492543532104,0.49293911215820685,0.36340920563410317,0.5418420576520784,0.48400047030626725,0.3067540621233086,0.46162793830954796,0.3752647225815742,0.45232975257737384,0.6118206055401265,0.42200670807219254
A47,0.5406178991464405,0.4391377830729708,0.4466322826877762,0.5581918210717514,0.491834499001903,0.4047615403755106,0.3774121077970398,0.5328029100647955,0.0,0.5014304383794868,0.5180447826052423,0.42612924384391127,0.4783089906712218,0.5818819693994918,0.4786020007192532,0.43957505872436087,0.4538092281229996,0.47675486865905714,0.5427370371410498,0.5073816588235605,0.4936063237949848,0.4576015675932179,0.39675334970405374,0.3182159205891868,0.5864921323663629,0.5096256709538642,0.4837910540375082,0.4594922461266535,0.5165791842686197,0.34328364979475734,0.563736136811597,0.41403273879533686,0.5724831113804871,0.5389420805532064,0.5221302949330775,0.5865284615596024,0.4071304741338373,0.5266548508598048,0.6304814505292029,0.46211083557992505,0.4015142121660651,0.37707215924518456,0.4416614209969648,0.44547361156960064,0.3675086267337745,0.4737857274016253,0.5447865999030792,0.5097452608324878,0.4805985306465608,0.38328361251884013,0.7023298850319328,0.5382119589531488,0.48970331916538745,0.5149887370421065,0.5891755043899858,0.5069254263083007,0.5180437055570984,0.45690897658170115
A59,0.5687075480013737,0.4300655958066021,0.5982092042497803,0.4540248253538606,0.5183037443122565,0.48540162544831,0.5372596752870935,0.4791475078230002,0.5014304383794868,0.0,0.5316671394257968,0.3846333037136779,0.4261880681977265,0.4510783818763875,0.36067654155607154,0.5706107564853005,0.5166942669698414,0.484030109761989,0.5661135149475208,0.3703249210175753,0.5256118988128258,0.5174716114186919,0.39531864545732454,0.590513054790823,0.6511214360878411,0.6193740637791587,0.4912940662906532,0.47102003510093404,0.43252772709328113,0.3676462404917292,0.5778136172824042,0.5811024942114585,0.5252459906780464,0.621815504829913,0.5743334607815518,0.45173335976098816,0.5405418210353832,0.5547254210340247,0.5357960607694898,0.6038289126439917,0.5599017529648325,0.5897242325870586,0.4680065089729375,0.6001415760445863,0.4653554449952566,0.501681151706246,0.48190775469702685,0.45249786519201096,0.5546429255498944,0.4953410349901778,0.5687809145369377,0.5908923364183927,0.344198126931468,0.4294821307139731,0.5430390058195168,0.5897656166160155,0.6639503894079515,0.4913920803394062
A75,0.5238564239155423,0.33306861455935854,0.46275479003131725,0.52773359494596,0.45021544413060677,0.29832022587554186,0.34004191520228433,0.31570635379310874,0.5180447826052423,0.5316671394257968,0.0,0.42013689936523735,0.41645648807734137,0.48125422446196664,0.4034062866277628,0.438884391486008,0.4575838216699728,0.48142511829670953,0.4361269485576542,0.37803624945653624,0.5228850096758182,0.5045179150610941,0.4011893917041002,0.47518078727516133,0.5756067104873912,0.3844318333944273,0.3104820289837319,0.36684934400671176,0.32248364125031936,0.3401937071896548,0.3435303459307597,0.5137556883181567,0.5074394199061742,0.5246466313158074,0.3747039561593912,0.5777882720279949,0.5184229372194792,0.6394975985896554,0.6455740943116122,0.46109968328186157,0.625236057633943,0.5608490578374703,0.3285030742634809,0.6189409273125275,0.3374611772141143,0.3262042534183216,0.5336211959844961,0.4662412965555346,0.3621222754571517,0.3934379693989928,0.550847198572517,0.3881711178948122,0.31797880271327217,0.5423020219347451,0.38841744171575676,0.4786111731205984,0.38710142200766284,0.39006211565240434
A98,0.3989438124463247,0.37969593076755104,0.417459883965251,0.444806299862778,0.366802327912647,0.5176085403193633,0.4314244168127772,0.4604909027757641,0.42612924384391127,0.3846333037136779,0.42013689936523735,0.0,0.3636170674586834,0.3475195575418202,0.3262872980297532,0.45916174197782633,0.3955053663358826,0.5142564229195795,0.4204439863661331,0.395122686263622,0.25971972931303555,0.31330244864621326,0.3489302469733908,0.37873721811908956,0.44860001637368174,0.37274408253198676,0.49596716017356446,0.3255309984303705,0.38565888065336373,0.3329057440212634,0.42933248396318624,0.3793746434148194,0.37018794284635104,0.4382062939733137,0.35677547561263767,0.49412396126052494,0.43676816324861045,0.2732146483692848,0.3765537235939701,0.41162749572387336,0.46655472979372303,0.4220322974205939,0.3526711270413502,0.3212357929493669,0.40104175459116576,0.39344049871430675,0.449599544839533,0.43935417882613803,0.41553949672735324,0.4439383840755584,0.4918920427238256,0.5100848605636774,0.41625709561011026,0.4531041154361134,0.4364576905198756,0.34612930312046564,0.502628695100034,0.35198905043670503
A40,0.5082218784952339,0.48452019217739495,0.41329084074038036,0.3844652988776467,0.5042032603497328,0.4741017253709614,0.43365380545802934,0.3891829145054958,0.4783089906712218,0.4261880681977265,0.41645648807734137,0.3636170674586834,0.0,0.45156553755258666,0.3668521391334776,0.4599816557992924,0.47195632644162344,0.5359641105950251,0.47286335020250714,0.34833403712652977,0.5333215134326519,0.5000079138049135,0.43025304334133274,0.48130736036844457,0.5623056503345849,0.5233581635567974,0.37745020730062673,0.3400614660099437,0.4422262408592782,0.4300908383078982,0.5356172357956495,0.5168691796295716,0.5877771134542196,0.573197374353815,0.4413380363997488,0.4849469220694377,0.4839306291147867,0.6199854942356586,0.566948623038816,0.3758875895482733,0.6429573185015183,0.4076955757650247,0.35240189963500435,0.4939143829915379,0.3221201809624711,0.44584548604144325,0.3911999847649953,0.34184251038611935,0.5633585382643905,0.4146158983845729,0.4938901319589112,0.45094738363162046,0.39266697231802317,0.45236106897168804,0.3624036025334384,0.5161578747685556,0.5556370129963639,0.37220877003957686
A51,0.28105379586197754,0.490445131964644,0.4617444424891033,0.3780274688574873,0.5384300892283126,0.4757293856463808,0.4949100037727139,0.4166186294851302,0.5818819693994918,0.4510783818763875,0.48125422446196664,0.3475195575418202,0.45156553755258666,0.0,0.5120098600802929,0.5794020589262057,0.6370121664547506,0.548919844118323,0.5668632039229832,0.4557032058173289,0.46643105509886396,0.4672030785033232,0.3982429100322903,0.5074726661091138,0.5590329493521493,0.510228129716543,0.49794622099246033,0.4450014785881975,0.4313568549310679,0.4604748860031386,0.4507928058835198,0.4802260724255003,0.4818419215042409,0.4051077815218682,0.5324336187630518,0.4966959277233376,0.4951025983488291,0.5302821724458298,0.5540471582050803,0.6390060140170151,0.5858567000814001,0.6221336810859669,0.42792174000146377,0.6208589949487804,0.47978868797860375,0.415988607197153,0.4565899060406722,0.5094398039607757,0.5656979415498872,0.40356618128950084,0.38177871527063,0.4781670033837898,0.31099799620861657,0.472279126033209,0.3668405388682239,0.5778669308519693,0.5875503677396307,0.460065177293725
A57,0.5578014678104772,0.37078732874018494,0.4128474508301442,0.3828563220619665,0.4715743091555361,0.4422802943022841,0.46802189675889105,0.44435455414974834,0.4786020007192532,0.36067654155607154,0.4034062866277628,0.3262872980297532,0.3668521391334776,0.5120098600802929,0.0,0.49368879494292006,0.5061410945281035,0.46193454546219015,0.4995007051216811,0.35073100560095505,0.4420038219785436,0.35291297760425666,0.3631142393236928,0.5523495458195418,0.47178081270574346,0.5845607745716552,0.5022980045265362,0.46670469614580834,0.44021849686024117,0.4771855832551981,0.5317155203734787,0.5061027375107814,0.47074828190596774,0.5956830354823839,0.45735781357326855,0.5327824038056221,0.48755928905043033,0.46500722759938495,0.4472315904083115,0.5389801838536304,0.4691355716921398,0.588158978997861,0.45762039102662944,0.5591614783116564,0.36670589722179114,0.4617107573924595,0.48130768181274064,0.44011303180042405,0.5240153482570327,0.49332826151668874,0.5497950639952671,0.5514949352935662,0.41784480033059046,0.49975279556887664,0.40520986676717563,0.40748411574425447,0.5551800169507682,0.5030462873564433
A2,0.5349952312351225,0.42481617209480815,0.5207037344580208,0.5220217614994243,0.499497485612716,0.5899940348363466,0.5597200774639551,0.534739894629447,0.43957505872436087,0.5706107564853005,0.438884391486008,0.45916174197782633,0.4599816557992924,0.5794020589262057,0.49368879494292006,0.0,0.4816351544239309,0.6229461077925746,0.44248682955581464,0.43250907162437036,0.4310748511783902,0.5172794561089906,0.5693041775370553,0.4481634094250797,0.4938062946879048,0.5473562303577726,0.4583447526549398,0.5634090627004757,0.4325567487516544,0.43114092097188006,0.38834095664229473,0.5431138956698961,0.4184549634927033,0.5480805450192032,0.4814177130667895,0.6733916779847756,0.5281362444774742,0.593202510616416,0.6161167410816931,0.5380547002355223,0.39519684393768495,0.4177726680316566,0.4781147736915379,0.5412005919644174,0.49046323070802667,0.39286511704162397,0.595594573421574,0.5484673489654405,0.49222242218760204,0.5317662972678516,0.6637141248588471,0.44357278434048386,0.508537510231004,0.5683588373039243,0.5673029095491052,0.4016734197837839,0.48639983228863937,0.40945606065164486
A28,0.6739854333626176,0.45521374757171884,0.5616943583156375,0.6714426085242724,0.40835401103679203,0.6262339619080417,0.49475397280064315,0.5174694510356905,0.4538092281229996,0.5166942669698414,0.4575838216699728,0.3955053663358826,0.47195632644162344,0.6370121664547506,0.5061410945281035,0.4816351544239309,0.0,0.5661173579933225,0.4863399802614401,0.553447517281064,0.4433906828337274,0.4575073128436179,0.6270769474303622,0.43465334901159247,0.5224025709326225,0.46903416520593544,0.4391025868273315,0.45886110367998056,0.4458142373308127,0.4914027571245918,0.5941465366453811,0.49380580281416886,0.5549909178838791,0.6164709567464157,0.5002036517601314,0.5905189552030534,0.4801336743234127,0.5307232701899804,0.4902384189771557,0.5269732459123416,0.5204121896270437,0.45160536274095875,0.40260813203554036,0.5096345525458699,0.5544251203921879,0.46261821839763695,0.6476754739760723,0.499999915603612,0.4314408766206804,0.5785683243714167,0.7599381336108955,0.6781755260461841,0.5772463186570975,0.6574763878135502,0.6244962196832111,0.5264100933797533,0.5733031215484228,0.5210225350143585
A85,0.5442428559168175,0.5093014867249924,0.5818465036087059,0.4739888325281353,0.5289498497022813,0.5117993313478365,0.44461429436255806,0.39691379621212375,0.47675486865905714,0.484030109761989,0.48142511829670953,0.5142564229195795,0.5359641105950251,0.548919844118323,0.46193454546219015,0.6229461077925746,0.5661173579933225,0.0,0.5454994332734482,0.497573947486907,0.6572747789752593,0.5255950098484679,0.4253123177996344,0.52940087934699,0.6024742302607466,0.5856159545710012,0.536879153953167,0.45430558771487095,0.5202616826673432,0.49397761178846,0.5020304238691486,0.43787658669566065,0.607204870905003,0.4931686650076639,0.48842910638914283,0.4851401891326911,0.45270319176342233,0.5335666076637557,0.5700682226351792,0.4426955806432452,0.7071554520943644,0.6486658154692934,0.5391683718904737,0.5765240556181088,0.4777202825238379,0.4908708980448654,0.6107174712463901,0.5368537983104977,0.43851670817656563,0.5038367776703894,0.6075563724700948,0.589458410701895,0.4236408681310533,0.5462646273505696,0.5925272682120746,0.5687746794709188,0.5352674946802198,0.47968864852008053
A95,0.6130191773093276,0.4271312113823712,0.40845282437215924,0.44891859775079035,0.3631264637132887,0.6098386717585629,0.426277350709398,0.49447435036430376,0.5427370371410498,0.5661135149475208,0.4361269485576542,0.4204439863661331,0.47286335020250714,0.5668632039229832,0.4995007051216811,0.44248682955581464,0.4863399802614401,0.5454994332734482,0.0,0.4154257183254978,0.4608842526543452,0.483795868483062,0.47498234668775297,0.42248569810270564,0.440590461340294,0.3368767195789403,0.4682786612503591,0.2705717231740957,0.5015922048447187,0.4302398635351522,0.3821837550903513,0.5245097619434016,0.4372097322737468,0.5932171660010352,0.4293414414315554,0.5847913488500159,0.4199705644509749,0.5638148547871844,0.591820708571933,0.42464027482001676,0.4822434677834815,0.5574672135776297,0.3929156614362961,0.38522738280460167,0.4140121387988026,0.344637742320278,0.5830558312851292,0.47744511236851583,0.44380748527679537,0.45463810767585155,0.5640849367693525,0.5187186310771554,0.4734679497268065,0.6152188672270114,0.5203854558155004,0.27610837181620873,0.5065897916140172,0.44761309778098446
A7,0.5440525278489744,0.43151842807281005,0.5002224894855101,0.3807620661996082,0.3257654436142039,0.4767083983375531,0.37293885377201286,0.44157866421861725,0.5073816588235605,0.3703249210175753,0.37803624945653624,0.395122686263622,0.34833403712652977,0.4557032058173289,0.35073100560095505,0.43250907162437036,0.553447517281064,0.497573947486907,0.4154257183254978,0.0,0.5124808526983713,0.42113107573596975,0.3818909133471846,0.47214258298129974,0.4483094977094614,0.5005081898091581,0.40980771910195346,0.41392407273994636,0.4538800715719026,0.4213106874524801,0.43980811558798283,0.5400843038977409,0.3741811335593007,0.6011654821892125,0.34769565639508115,0.4028319102068568,0.5061136295578581,0.5715600646257168,0.5635968005227522,0.5157157883639358,0.5479436612794666,0.5031402726100873,0.403917958846177,0.5596186440589268,0.39265642506719756,0.3606700793326115,0.41413401304273456,0.46823774768501203,0.49813034974938164,0.43025395965159474,0.438717883786213,0.3540984421532487,0.33918544898087544,0.45381018695191233,0.365812883441595,0.4654900019307283,0.5693013801299386,0.4679929670212456
A12,0.476005863174883,0.47298759243497757,0.5301575616150223,0.5901193306192849,0.4616923295790155,0.6635941597567964,0.648500242967353,0.566449493743181,0.4936063237949848,0.5256118988128258,0.5228850096758182,0.25971972931303555,0.5333215134326519,0.46643105509886396,0.4420038219785436,0.4310748511783902,0.4433906828337274,0.6572747789752593,0.4608842526543452,0.5124808526983713,0.0,0.32731133242996235,0.5050885451577672,0.4611238780767263,0.5102850631631872,0.4601920911345876,0.5806231384710461,0.5051844943692754,0.5075671311544847,0.4543624729400112,0.4873982585476746,0.36918512828873673,0.3641646241554236,0.47822123307900444,0.48890024572201485,0.5942018830276469,0.3803843460831027,0.3194894490563326,0.43415530630916355,0.5294195091772982,0.46175814296761886,0.40772045578983307,0.4153043170044063,0.40864923343667237,0.49651729133820066,0.48256516619846856,0.6163178488180996,0.560758661619143,0.4428227453316804,0.5303908424013412,0.6129542577646239,0.6262456895508994,0.5703020778257868,0.6106221689223377,0.6465695543928802,0.3331212069756194,0.5667733181871155,0.4969964751439868
A13,0.5146055364188888,0.4733420195771325,0.4313748561771774,0.456646809326374,0.41012826971618843,0.5844358692543217,0.4555673813482335,0.4831252853040642,0.4576015675932179,0.5174716114186919,0.5045179150610941,0.31330244864621326,0.5000079138049135,0.4672030785033232,0.35291297760425666,0.5172794561089906,0.4575073128436179,0.5255950098484679,0.483795868483062,0.42113107573596975,0.32731133242996235,0.0,0.49304403186584733,0.4033248300331933,0.3800440133697133,0.46182621395411394,0.515465139139809,0.49444227968969856,0.5827610700131939,0.4724236657620734,0.5157542992977311,0.32019178444139984,0.46844805266985046,0.47228952004962543,0.46755946422574035,0.5679769664095791,0.3711453354662473,0.3833716708879571,0.482743418438901,0.47918508139594407,0.5068122931034151,0.3589053115875843,0.4553759096291733,0.4227960142734095,0.489772722134336,0.4128425982856516,0.5378199228472422,0.510259259831535,0.543643945514213,0.445777963552453,0.5393156596203607,0.5436755696661706,0.4577384335641713,0.5274055028952633,0.45407114685087324,0.4236779982515969,0.5401430156296265,0.4341964850489973
A31,0.5282015456751499,0.41088087371063553,0.4276598108312005,0.43169905123969965,0.4167332805226901,0.3657831649829083,0.3883426450514834,0.45298320439785067,0.39675334970405374,0.39531864545732454,0.4011893917041002,0.3489302469733908,0.43025304334133274,0.3982429100322903,0.3631142393236928,0.5693041775370553,0.6270769474303622,0.4253123177996344,0.47498234668775297,0.3818909133471846,0.5050885451577672,0.49304403186584733,0.0,0.4246701055709703,0.6304625077101498,0.49039373762437355,0.5076801155037078,0.3638845291116033,0.47359902157938905,0.3980957375792601,0.5520520978006874,0.4846009527631092,0.529432969530983,0.5122407638646953,0.42325787605205434,0.38754652665154876,0.4269361398477155,0.5053931757128547,0.49604972041281337,0.4291594446235577,0.6191814001101746,0.4952087657937033,0.4594103265160978,0.4935611364838014,0.23672028871441209,0.37455294342054946,0.49463325467713404,0.48537430631726364,0.5028285872608212,0.3737253046973624,0.5218557127851091,0.3997577677388189,0.29983072389743126,0.41564117510755483,0.40521074035622273,0.42309153737056926,0.4176325359904697,0.36419823636621307
A50,0.5710425517363182,0.4471500840690482,0.5044778381694979,0.4949883654709497,0.40299785752203543,0.5648933747803946,0.40266813156277814,0.5050277254425464,0.3182159205891868,0.590513054790823,0.47518078727516133,0.37873721811908956,0.48130736036844457,0.5074726661091138,0.5523495458195418,0.4481634094250797,0.43465334901159247,0.52940087934699,0.42248569810270564,0.47214258298129974,0.4611238780767263,0.4033248300331933,0.4246701055709703,0.0,0.557736321010577,0.4356323695322719,0.4159740334272035,0.3942822009058359,0.4714987794747372,0.39018686862913665,0.4984517129355489,0.4449240872176107,0.521516677430138,0.5057780481114414,0.43414560807962677,0.5481859843182093,0.2956185602289746,0.4762549852704212,0.6635220328390302,0.43402851805834275,0.3947900952383546,0.2726202330109282,0.3733807053239443,0.39757313140674233,0.40719457960276084,0.41288282776253493,0.52010545057972,0.6204119464111499,0.36825352736197425,0.4390568904583353,0.6416348230040749,0.5052648372040995,0.4799067301164508,0.5483152663603303,0.508085440000125,0.4539761286747471,0.5834044715326543,0.38202444602671903
A53,0.48651427653744983,0.6101165262598776,0.5899431864220712,0.5078703845472972,0.545971600844612,0.7431886809903673,0.5854636053470608,0.6397722333851398,0.5864921323663629,0.6511214360878411,0.5756067104873912,0.44860001637368174,0.5623056503345849,0.5590329493521493,0.47178081270574346,0.4938062946879048,0.5224025709326225,0.6024742302607466,0.440590461340294,0.4483094977094614,0.5102850631631872,0.3800440133697133,0.6304625077101498,0.557736321010577,0.0,0.5014068930745934,0.6143552123127968,0.5165246128698999,0.611224232339437,0.6239993471238987,0.49821135045589837,0.507327062411452,0.37609653952784405,0.698975249283188,0.6162799822848122,0.5912117631550253,0.5689654456226013,0.5808534704276175,0.4951854674010361,0.471119651801584,0.5382978261817689,0.556107767436572,0.44188373016207627,0.47965733510999975,0.5751110449084089,0.5088007196995004,0.6109993033358052,0.5600960235990915,0.5933109952306455,0.6349182349846245,0.5693267535240791,0.5825510819426173,0.632579507920161,0.5486304709083085,0.49802820472724296,0.47941942216419275,0.681970547131087,0.6893903751201063
A96,0.5793249580318887,0.4371825004125406,0.3870869097477103,0.6168095803093729,0.32952049369645575,0.57581817116072,0.384056501645091,0.583138570339317,0.5096256709538642,0.6193740637791587,0.3844318333944273,0.37274408253198676,0.5233581635567974,0.510228129716543,0.5845607745716552,0.5473562303577726,0.46903416520593544,0.5856159545710012,0.3368767195789403,0.5005081898091581,0.4601920911345876,0.46182621395411394,0.49039373762437355,0.4356323695322719,0.5014068930745934,0.0,0.47546735910479543,0.3470629138424195,0.44242859365419307,0.4582796036088067,0.4322641852853455,0.4805290838784685,0.3782507936107553,0.6497391880326158,0.32825115595083365,0.5506687821368587,0.5199419486464067,0.6008174951026863,0.5354251791563909,0.4761306828388213,0.4900949325153985,0.5607298911020078,0.2671285265184885,0.38951349094900045,0.5150595226686103,0.4538077476713078,0.6424180427363568,0.5696221652641105,0.3656886110299511,0.5241347710452229,0.5670838807555079,0.543048543387399,0.49563237753917155,0.6511195165614223,0.5111785312090684,0.4756138794787974,0.44441972163233623,0.514322203468199
A22,0.6226989985269812,0.49450472491073727,0.5911984690209744,0.4380770718471412,0.5060739076941418,0.3816253151777994,0.35797062854086925,0.3332862041525274,0.4837910540375082,0.4912940662906532,0.3104820289837319,0.49596716017356446,0.37745020730062673,0.49794622099246033,0.5022980045265362,0.4583447526549398,0.4391025868273315,0.536879153953167,0.4682786612503591,0.40980771910195346,0.5806231384710461,0.515465139139809,0.5076801155037078,0.4159740334272035,0.6143552123127968,0.47546735910479543,0.0,0.41374645806754984,0.3683814289984958,0.3685467675280454,0.3749133124169757,0.5326394763610715,0.44254108620816335,0.6101705894410153,0.465882305984057,0.513854718980671,0.4164149915209756,0.7073057501881657,0.6774463826739834,0.5252668925837742,0.5163562106613823,0.4615422636348342,0.39939542404571104,0.5579180170664384,0.42759238755645623,0.46208234902750844,0.5336636206043399,0.537547606832919,0.41850493025943436,0.3840990995644886,0.6587483232683286,0.4993785338571003,0.38632530609234783,0.46872068847077863,0.484511446828343,0.5268979832026629,0.5605843554185774,0.483846230856956
A44,0.5808003003056577,0.40359425295494,0.4707595979667907,0.4488123179798157,0.3555422433265073,0.518454627250255,0.3659802517111035,0.4558161794176908,0.4594922461266535,0.47102003510093404,0.36684934400671176,0.3255309984303705,0.3400614660099437,0.4450014785881975,0.46670469614580834,0.5634090627004757,0.45886110367998056,0.45430558771487095,0.2705717231740957,0.41392407273994636,0.5051844943692754,0.49444227968969856,0.3638845291116033,0.3942822009058359,0.5165246128698999,0.3470629138424195,0.41374645806754984,0.0,0.40398859156468303,0.3669330425565228,0.4929852714396603,0.4701548428986846,0.5508493117672162,0.5408948836508518,0.39579351959495923,0.4184931721670111,0.32816980408095686,0.5095412751847133,0.5185384832619134,0.34597729206275074,0.5778606449443348,0.482010575397528,0.32541734728227567,0.33810173804670185,0.3381134353665418,0.3346809783197493,0.4464348109327757,0.39464701959076376,0.35098983615013424,0.3851245623634375,0.5491826105835171,0.5050009692483699,0.3411942938859672,0.5384254247493846,0.4370955323915122,0.38071234076552474,0.5092164767748493,0.39692668724887126
A46,0.5811629674264513,0.3857027843984503,0.49664854831928196,0.575726336062923,0.4812725284734761,0.44030961932262414,0.451094628399042,0.4228785904948985,0.5165791842686197,0.43252772709328113,0.32248364125031936,0.38565888065336373,0.4422262408592782,0.4313568549310679,0.44021849686024117,0.4325567487516544,0.4458142373308127,0.5202616826673432,0.5015922048447187,0.4538800715719026,0.5075671311544847,0.5827610700131939,0.47359902157938905,0.4714987794747372,0.611224232339437,0.44242859365419307,0.3683814289984958,0.40398859156468303,0.0,0.3185018315833871,0.37563332357122403,0.5486646322312962,0.4634116715201809,0.513964639825528,0.324456402500658,0.49011798346192215,0.5634587000765272,0.5507877702642945,0.44472682856854295,0.5687703866631679,0.5011744763559467,0.5965690860622037,0.34250851420434325,0.6267358195002809,0.4892503236657778,0.4250186106821304,0.5891783607356796,0.464690603802984,0.26348325642767434,0.5619972417874697,0.647223601658308,0.5869398545888131,0.3940525674868568,0.5785201124419463,0.46332564858128655,0.508381667092964,0.5233127278065399,0.4243964271341507
A64,0.5239696111207056,0.3309001462677449,0.4640463165112344,0.46651935092680163,0.43699234509921203,0.3067829198184895,0.38873333613521255,0.41753040846536627,0.34328364979475734,0.3676462404917292,0.3401937071896548,0.3329057440212634,0.4300908383078982,0.4604748860031386,0.4771855832551981,0.43114092097188006,0.4914027571245918,0.49397761178846,0.4302398635351522,0.4213106874524801,0.4543624729400112,0.4724236657620734,0.3980957375792601,0.39018686862913665,0.6239993471238987,0.4582796036088067,0.3685467675280454,0.3669330425565228,0.3185018315833871,0.0,0.3537356415987777,0.4837115806273935,0.4325917512835181,0.51320202319118,0.4774468350840443,0.5273296914735728,0.44746445702435167,0.4333352502415947,0.5506065481509743,0.48219270611756193,0.5082416060265769,0.4936497556460733,0.3792979375721359,0.4315272284377648,0.4031237461608943,0.41805415626185716,0.47370321234207824,0.399350235928852,0.4055123312842732,0.3900791659168028,0.5632098301955263,0.4704694458149503,0.36689281052742106,0.46173298675050256,0.5254285028884289,0.49319698099270515,0.5032062539429829,0.37591474189686247
A99,0.4991577551865729,0.4966609250179004,0.5723233922347335,0.44709959279972766,0.536824363856489,0.4809922661646404,0.5147186264009813,0.37840923229501533,0.563736136811597,0.5778136172824042,0.3435303459307597,0.42933248396318624,0.5356172357956495,0.4507928058835198,0.5317155203734787,0.38834095664229473,0.5941465366453811,0.5020304238691486,0.3821837550903513,0.43980811558798283,0.4873982585476746,0.5157542992977311,0.5520520978006874,0.4984517129355489,0.49821135045589837,0.4322641852853455,0.3749133124169757,0.4929852714396603,0.37563332357122403,0.3537356415987777,0.0,0.5282324667484477,0.31834949487897457,0.5349685827690918,0.4443408024058092,0.660834941637501,0.5391935199261788,0.5691998237578014,0.6507169303716482,0.5459100038698552,0.5581841941030222,0.6422474455301317,0.36907022980235527,0.6302333986203577,0.554425032465965,0.45962209094650686,0.6462958512047752,0.53617262476389,0.4062606129333647,0.4601123780826538,0.5206497043483218,0.4210266521414341,0.4123210964264835,0.5826613709429225,0.5242028182418534,0.4463380105918816,0.5008403882278776,0.48048000333102936
A17,0.4613115836683602,0.447227639875598,0.4540952584004002,0.5114228335741149,0.45052339967702004,0.5364666151968676,0.4547722415613782,0.4413996547171166,0.41403273879533686,0.5811024942114585,0.5137556883181567,0.3793746434148194,0.5168691796295716,0.4802260724255003,0.5061027375107814,0.5431138956698961,0.49380580281416886,0.43787658669566065,0.5245097619434016,0.5400843038977409,0.36918512828873673,0.32019178444139984,0.4846009527631092,0.4449240872176107,0.507327062411452,0.4805290838784685,0.5326394763610715,0.4701548428986846,0.5486646322312962,0.4837115806273935,0.5282324667484477,0.0,0.5323114009184156,0.30635153970323015,0.47609679662819726,0.5445700639330404,0.3351814337923794,0.3811913099780352,0.3905058362087924,0.48238179360171274,0.6220989631004089,0.4142248192529683,0.45224385945805234,0.3611378584887396,0.5401590524439017,0.40106710134953394,0.5116361391002557,0.5058700247071352,0.5361270396190345,0.37405114922690763,0.6142694492721722,0.5502703727337017,0.4394762563966661,0.42715375004903555,0.5623883509042753,0.48458645655409094,0.5548707654022581,0.40336714066349755
A21,0.4953627464732543,0.5397725044444013,0.6066011610261726,0.4641738682401695,0.505243676146817,0.5738243673491767,0.5587468797323334,0.606237943107448,0.5724831113804871,0.5252459906780464,0.5074394199061742,0.37018794284635104,0.5877771134542196,0.4818419215042409,0.47074828190596774,0.4184549634927033,0.5549909178838791,0.607204870905003,0.4372097322737468,0.3741811335593007,0.3641646241554236,0.46844805266985046,0.529432969530983,0.521516677430138,0.37609653952784405,0.3782507936107553,0.44254108620816335,0.5508493117672162,0.4634116715201809,0.4325917512835181,0.31834949487897457,0.5323114009184156,0.0,0.7057619009322493,0.495630285760173,0.493085143002739,0.5343375605928113,0.4922451792133449,0.4979468382111124,0.5887779523831242,0.4315636637901754,0.6071780896874288,0.37892750689156673,0.50116427988224,0.6057715227254472,0.5581344473746126,0.6566065753174894,0.5977845415831433,0.449105390932368,0.5823821670404933,0.5476625732275867,0.499457858011253,0.5315143214704148,0.5292424804112814,0.5983742878638629,0.47684383574181344,0.656371834365188,0.5992665761112845
A41,0.408009913802431,0.4542081018114701,0.4837563019447151,0.4957847848175315,0.5131828975286155,0.574468609561936,0.5576134304871107,0.37931186524689453,0.5389420805532064,0.621815504829913,0.5246466313158074,0.4382062939733137,0.573197374353815,0.4051077815218682,0.5956830354823839,0.5480805450192032,0.6164709567464157,0.4931686650076639,0.5932171660010352,0.6011654821892125,0.47822123307900444,0.47228952004962543,0.5122407638646953,0.5057780481114414,0.698975249283188,0.6497391880326158,0.6101705894410153,0.5408948836508518,0.513964639825528,0.51320202319118,0.5349685827690918,0.30635153970323015,0.7057619009322493,0.0,0.5232646496352906,0.5753272942396743,0.41702528466701383,0.42848652294293876,0.5604706666740944,0.5532518770370614,0.6768911824776811,0.5125703737545164,0.5840795092583915,0.5574547055077308,0.5603929514336488,0.346687665304775,0.537550371874149,0.5194782915021875,0.5403961901590905,0.3851183808338582,0.5037898845654424,0.5871769954288306,0.44454813990551434,0.5097410910306774,0.6130058483559753,0.5128794795018807,0.5805928145618554,0.3985296923174817
A72,0.6242132253475307,0.45376585178465356,0.4476648524712987,0.6209666009991022,0.27117944035376074,0.5243537494761541,0.39092429981444254,0.5288453861271623,0.5221302949330775,0.5743334607815518,0.3747039561593912,0.35677547561263767,0.4413380363997488,0.5324336187630518,0.45735781357326855,0.4814177130667895,0.5002036517601314,0.48842910638914283,0.4293414414315554,0.34769565639508115,0.48890024572201485,0.46755946422574035,0.42325787605205434,0.43414560807962677,0.6162799822848122,0.32825115595083365,0.465882305984057,0.39579351959495923,0.324456402500658,0.4774468350840443,0.4443408024058092,0.47609679662819726,0.495630285760173,0.5232646496352906,0.0,0.5474846303956484,0.5621656265318216,0.48494777865054695,0.517294940160343,0.5119106409222582,0.5781021298816194,0.5604369108397664,0.36556700716197654,0.5785062495832882,0.48974076401483624,0.38900149631810566,0.5992923912576753,0.5616966184386398,0.3460262231809701,0.5339027766547164,0.591849821386229,0.4788034691827656,0.4827112889433878,0.6446881623009892,0.46889143593009197,0.4485951335998358,0.40919899492653045,0.4212659569183759
A88,0.6170363260695343,0.5077497270024622,0.5880077227193385,0.5054769080648258,0.4267552371431472,0.5982501743677011,0.5202200155935577,0.5020807726679042,0.5865284615596024,0.45173335976098816,0.5777882720279949,0.49412396126052494,0.4849469220694377,0.4966959277233376,0.5327824038056221,0.6733916779847756,0.5905189552030534,0.4851401891326911,0.5847913488500159,0.4028319102068568,0.5942018830276469,0.5679769664095791,0.38754652665154876,0.5481859843182093,0.5912117631550253,0.5506687821368587,0.513854718980671,0.4184931721670111,0.49011798346192215,0.5273296914735728,0.660834941637501,0.5445700639330404,0.493085143002739,0.5753272942396743,0.5474846303956484,0.0,0.4459780198337798,0.5226496796199651,0.5290187069317211,0.4644517271690426,0.6436933711810194,0.5592397841217254,0.5140120800625352,0.5326717950551005,0.468236355051906,0.4786973693054781,0.5349677315444489,0.6034978511009251,0.45884651176688296,0.5252801827959424,0.49616884741102874,0.526567192052829,0.4396401490650401,0.5044470931209561,0.5026106829520067,0.5719483274135828,0.7163657040926085,0.5993032211716125
