,A4,A35,A58,A63,A89,A94,A36,A42,A47,A59,A75,A98,A40,A51,A57,A2,A28,A85,A95,A7,A12,A13,A31,A50,A53,A96,A22,A44,A46,A64,A99,A17,A21,A41,A72,A88,A92,A15,A16,A23,A70,A8,A20,A49,A71,A78,A87,A100,A55,A62,A68,A5,A24,A27,A48,A74,A77,A82
A4,1.0,2.4355711804835556,1.0065398559894092,4.05761904688071,2.258998083932078,1.3896942788211883,3.747435650221989,1.9434416410770632,3.545931216013314,1.591257119114418,2.961381114004495,3.3113822553276,2.369283976165346,2.6409241120974274,3.2849875688481527,3.545398260246495,2.1748722827718057,2.2629098522040736,1.9994182791942825,6.7241017763197215,3.8296599166802925,6.479087678697272,4.722218505206461,4.4117980777459405,3.219220188319839,4.9454031951677155,2.927880001472201,4.577724281705114,5.988994445805991,5.732023263228005,4.820199772067205,4.4282695585611735,4.114266657675341,3.659383990082874,3.438944721884035,2.4042680655958035,2.4797085691941008,2.0510225918852267,5.207546992599131,1.5688176849821303,1.6684826814378597,4.712297276777996,6.692402075740684,6.224754909282406,6.468008537648926,2.7650435522814663,6.726298838008662,3.0108068459719215,3.617063969769172,5.073305968781533,6.570835931724087,6.061336443017557,4.299210084363267,5.204415462110952,5.807138707805545,4.042035876329287,4.433850137202589,6.114767378177796
A35,2.4355711804835556,1.0,1.856820729262375,1.8381740928854131,5.826355020786075,3.358498729807933,5.49192977463705,2.721548887835482,6.4903550529573595,2.078876306345662,4.2227362818357514,2.2669577353053447,1.9767040972888394,2.9774848779658827,3.608298437300785,4.833501972029239,2.652270663810961,1.6295498498667964,2.2888143996156103,5.537310454642003,5.064608628025985,4.957222524109266,5.2217592496126075,3.9445957253206667,5.703269059172241,5.628266072650668,5.30210006955874,2.7517317141729922,5.360459982886029,3.7078927159181916,5.630196821171847,2.8898801870595343,3.209227158813445,3.643217406616082,4.8560090874535105,4.361750670364704,4.071804106516594,5.388129345975414,4.900787995679101,2.5591886647189805,2.5426706376347155,3.618730868987186,5.687296887546449,6.766209070824358,5.834627685733109,4.288461538461538,2.2097137093088532,6.911202170848365,4.126635502854778,4.630440501854454,2.500160250228002,5.678969643065001,4.675246574626839,3.324260113660628,5.753646349901901,5.947506262531562,3.6493306356282913,2.135479470729519
A58,1.0065398559894092,1.856820729262375,1.0,1.725697177267383,4.347002170722758,3.3808192453508576,5.537050123387141,3.770742364145587,4.067331540413139,1.45,2.467697516923386,2.1437010357982658,2.388581962289898,1.6151178361589937,4.801204714562672,3.571068675131861,1.9674214442249731,1.6756777676158543,1.6074987354333987,5.055866221802965,4.064298026533888,6.301637156178323,6.206378993714137,2.0075476035497766,6.608607136701996,5.542787355439539,6.605991442352014,4.115835309031983,5.170210907397227,2.2928774060573525,5.74130643004232,3.249246367362005,5.313669873659094,2.470983199824761,3.361921038324925,3.5668365913834874,2.8349466095681697,3.7295257054257225,3.0442385292508867,3.9487142191122464,2.040314870900822,3.932742360022436,7.0,4.029321507128315,6.105110270266983,2.3627743313091862,6.56251438164691,3.710728645226616,4.660819428050713,5.449398174792116,6.651676972837837,5.6250167069261074,5.987343729113221,5.778638650862193,5.767178632150495,5.269450544467096,6.41855969008305,3.231454078752548
A63,4.05761904688071,1.8381740928854131,1.725697177267383,1.0,3.033754247963044,2.483136668289706,2.379314103309791,2.001317460912101,4.248855646452948,2.3617101572313484,3.056906115150272,2.171829648499976,2.0654341552607467,3.7387738564298716,3.4603454327744108,6.157332444984937,1.4557531154737435,1.0,1.1329502345510165,5.858512921876047,6.677731994235651,6.86616872380914,6.083195108223103,4.13726091446635,2.3828838511354684,6.356236423444727,4.268155618957515,4.813063511726222,6.442627172647117,6.400322979096465,1.7383603199922735,3.9613231539846225,2.7552452008261175,3.515729027892484,4.071220245938845,5.827525288097863,2.279622197243321,2.4325257568083565,2.867515726788064,6.564855957212067,1.8424952971689517,6.783365378074009,3.3100451942597857,5.914524011437181,4.940292513060484,3.1402804977603123,4.657629427326056,5.932737615601061,4.241941651062308,4.320430371934936,4.391368404068019,4.308729869052419,6.4879298337749525,5.650560336750915,4.400500266109965,4.053440736817681,5.649796226287706,4.496170189550998
A89,2.258998083932078,5.826355020786075,4.347002170722758,3.033754247963044,1.0,2.1193877478378758,1.92027845461351,1.9115831835857477,1.9699194792186667,1.7301865217558476,1.7054563682569046,2.022559087799704,2.5336063162687417,1.6602776668826214,2.2139190112062437,6.920132469186311,3.9851739884246076,2.2580188388659552,2.7296439564167176,2.7244143268823384,2.5041624955038033,4.861486801459125,6.067283776649633,4.691871079544984,4.912413400980347,4.9124875405530855,6.284797089854716,3.5144372831352007,6.467997525430389,1.968757103106062,4.645901631812778,2.4114454672496626,3.7771788893266067,4.634093750625049,3.5099119196159325,6.966391863854356,3.7113765142309036,3.9625834577333765,3.9033531312545304,3.7796588171820433,3.8303437831307847,5.512375650648487,5.861231086950836,2.935522277070664,5.454970763501398,3.6192307692307693,2.9125250689530158,6.678327971633918,2.9837056596623763,6.226143088741151,4.955342902831709,4.843392114387668,4.32031080785504,6.920060747634903,5.958677145499529,2.9138884397987965,5.49192977463705,3.1085903280929372
A94,1.3896942788211883,3.358498729807933,3.3808192453508576,2.483136668289706,2.1193877478378758,1.0,3.056906115150272,5.170323088365401,3.614123940137117,4.027807542726149,4.25851777242863,2.7262937370802622,1.8226594897541257,1.5425455734515539,1.7750478709108553,5.326597274245003,1.8888703245690943,3.2646793129287888,2.6536140462802487,5.687094557622303,6.54134547383306,6.106305128968068,5.162632553509432,5.718526851159371,6.876450885815994,5.048978402468958,6.631090926751728,3.614874843449866,6.564314005245977,4.793001705444498,6.13918232332503,3.6560294820422894,3.229794351300415,4.285205287458223,2.7514458318085118,4.421865571016143,2.552571821100879,3.44086442721275,4.12737236671095,1.8643226859891424,3.8733856306442314,6.898117760488981,5.8643026921314,5.488514105211734,6.882987432285409,3.3770132197783957,2.8253502546866534,2.932844822951851,3.0505292855679667,4.92131622359593,5.713810700666327,4.714655645294899,2.797674366382099,3.224476615496124,4.4848776139123325,4.369247638290529,4.261484507097293,6.47505224733625
A36,3.747435650221989,5.49192977463705,5.537050123387141,2.379314103309791,1.92027845461351,3.056906115150272,1.0,3.8407217053777645,4.305559201085832,3.147766797400715,1.553257303506389,1.838738476251302,3.009185694935071,1.9594697630042257,6.1093965385426925,2.722128052276653,2.469324752034792,2.179123114055985,2.1139241950212053,5.000589813321475,6.536991840811858,4.564211318727496,5.677576263034011,4.918710899733719,6.2946575092463455,5.188699006934795,5.505831441162984,6.021906576774583,6.872498942040965,4.840966858248456,3.7398377475657654,6.568009169057534,4.501967957537873,3.054478668901569,3.1971112185010715,4.438229436262695,4.886910881622812,4.8260093106417665,3.095669574284724,4.531158149263517,4.156264085614122,4.297406412689654,4.257754030827987,5.498872252367897,2.4234615014864005,2.7495295137833686,4.353070825235794,6.418248797078248,5.120832272756575,6.067460684599281,6.725453904922881,6.358580869717993,6.3863297783049,5.4379556729311656,6.3057123365870975,2.4240271411353156,6.2656188234819306,6.688546535760047
A42,1.9434416410770632,2.721548887835482,3.770742364145587,2.001317460912101,1.9115831835857477,5.170323088365401,3.8407217053777645,1.0,1.5164945606598894,5.054429109741534,2.9173603280135016,4.809665547887051,4.243771506603814,4.0806054319062675,5.2176652185489045,1.981837240704573,3.6939000646834264,3.5836045548565614,3.3377663063875067,6.747890693518645,6.750111058178895,6.290211592638312,6.0065717248281905,2.419264117106949,5.250306456713602,5.2676508413595355,4.872212534890491,3.0538714573681904,5.457153112103374,2.0680261588181605,6.110227653623165,3.75387724270444,6.830456405698468,3.853397694042224,4.246227363478246,5.201240084299682,3.3888206906122367,3.91976385882442,3.494670865822681,6.403885728288559,2.910946903887841,6.3120911161045195,5.002450862871901,5.971205505692035,5.480504526562419,2.966280535724682,5.077426864022604,6.287749010945507,4.411063691051268,5.572967770429415,5.466229466274928,6.25292386657513,6.508387590344434,6.324557280936398,6.0044491536606674,6.1693350314915385,6.349332314011393,4.5508153900913975
A47,3.545931216013314,6.4903550529573595,4.067331540413139,4.248855646452948,1.9699194792186667,3.614123940137117,4.305559201085832,1.5164945606598894,1.0,2.195235871162029,1.7988177133035883,3.5272662092288405,5.515526955946967,3.8296599166802925,4.860946834319526,2.868033088509664,2.170001524234677,2.2699878255453676,2.7273050922522986,6.283218337449933,6.770741079023297,4.481532921206926,5.865758345417271,6.851159956088393,5.547621931022657,6.290892308418362,5.941803782946521,5.605118055281297,5.892904057067507,5.72637778197603,5.894120926300358,2.83000110627602,6.500517261335189,4.045951733706063,2.910090531079608,5.737700323986071,3.430921695919231,2.973598971970735,2.8004480533643803,4.68090994138968,5.653259299658805,6.668710901063646,5.191575626196891,5.038245187236842,4.811106969955327,4.011705412886061,4.174088620925445,4.696500020596545,6.192596146634976,4.1448344769674,5.364839838278256,6.434715044205663,6.154568875439763,3.937083133226589,5.240187697495314,5.30154064478519,5.290571144953308,6.300765153572927
A59,1.591257119114418,2.078876306345662,1.45,2.3617101572313484,1.7301865217558476,4.027807542726149,3.147766797400715,5.054429109741534,2.195235871162029,1.0,2.9665946148810733,2.01069543656771,2.2479421608670114,2.4960218311041427,2.789811997233429,1.9097484764781136,2.183968641772429,3.1742681658730083,2.0263003771802444,5.397010456297828,4.986607750130408,6.0006909386313225,4.560287200031631,5.23953815686341,6.102485384648672,4.520254476628324,2.8777066508753375,6.244319394004023,6.348332516395565,6.460074540824207,4.791219054518318,4.031978639338137,4.533830967843898,3.3542095474285505,3.7400585123995604,3.426359151241941,3.6469982371063545,2.667507900897623,3.262804595660664,2.561275578750492,2.78485653992941,6.771296866470831,6.512936571093812,4.499535532323362,6.387758476647319,2.51777648916972,4.4880557981066405,5.082930007588362,3.5151262808280617,4.73027813134671,5.195552556188009,4.890264990616641,6.230546353339294,6.128784902836829,6.445778060779411,2.677215129410874,3.149671782352357,4.068372586445367
A75,2.961381114004495,4.2227362818357514,2.467697516923386,3.056906115150272,1.7054563682569046,4.25851777242863,1.553257303506389,2.9173603280135016,1.7988177133035883,2.9665946148810733,1.0,2.5707500825683764,2.582249595009146,2.7651572455010687,6.2642514219792815,2.276607857018119,3.461572541191548,2.7327587577707826,2.4308023869941238,3.484511498044146,5.7817575983814,5.585929272185719,4.752891341664431,4.03267950081741,5.70009110708523,4.347528039863491,5.412137441057338,5.397773250522033,5.8915895341545275,5.688927888546088,4.538443565740768,2.9627182573028557,5.245284242547195,3.311336160077359,3.0886863042093253,3.8531260023745557,3.6100534725085662,5.141729323219657,4.069011677935599,4.857225273959326,4.244816744973776,6.462555034469345,5.808473844381796,5.291077132146655,5.824321848606789,2.8866127713526577,3.432868635778345,3.454356165600423,5.575410225721315,4.825389386951539,6.460603798315722,6.213740955882523,6.065372817354349,5.070212899252475,6.661843158640798,6.084453383969863,6.167620256233083,5.924152665104716
A98,3.3113822553276,2.2669577353053447,2.1437010357982658,2.171829648499976,2.022559087799704,2.7262937370802622,1.838738476251302,4.809665547887051,3.5272662092288405,2.01069543656771,2.5707500825683764,1.0,1.4502592585441263,1.2829826561793864,2.109114257625338,1.434915135464327,1.610697985109021,2.285886406517898,2.0796399866009025,5.9884203390107595,6.55590762561841,6.700095446106909,6.152710264299733,3.772094265486979,6.656580596560823,5.35556342350681,4.989232648247592,4.027881409400056,5.22375642379753,6.84066094008711,5.965863695730242,2.9628231015143616,3.7392757343988587,3.304321106990754,4.2674803709245195,4.127803633645463,2.714616546595104,4.383745236774027,2.0899353933026688,3.9396585237007673,4.533507082400222,5.518663248515833,6.31293883765362,6.2675668178562365,6.502302387601224,3.6499702024845946,4.288392651510161,4.759481918464655,5.455288254844893,5.889458849081247,4.322069737947732,5.578613385271498,5.520948912109998,1.7497993159279324,4.257076950857016,5.484517476256697,5.221037843518318,5.895982212563698
A40,2.369283976165346,1.9767040972888394,2.388581962289898,2.0654341552607467,2.5336063162687417,1.8226594897541257,3.009185694935071,4.243771506603814,5.515526955946967,2.2479421608670114,2.582249595009146,1.4502592585441263,1.0,1.6387840370571976,1.8654307684923308,4.025923430851003,1.596658151372725,2.4281481564468437,2.0908935874724746,2.6223270642459426,6.062221860148657,5.915505816374404,6.378812312066988,4.848313853851491,6.312678882683663,3.9115299804832877,4.695502962267658,4.504529414270447,5.610985315784359,5.067117769647439,3.134713582509942,4.499159927963096,3.7376694574073577,3.34312849512697,2.9307485841528527,3.2768816086558,3.0994031164792,5.200348370797589,6.559824804179179,4.516125583583918,2.4114454672496626,5.903955464496977,6.705861940405185,5.100411166136935,3.9532050700041435,3.294392416491378,2.0965118980265376,6.548728681661933,4.6086130915685395,6.388863250869408,5.5480246064583305,4.806614239934626,4.902512181754783,6.347748286893718,6.512062031037889,4.6578809431889985,5.003715363372125,6.34482627479854
A51,2.6409241120974274,2.9774848779658827,1.6151178361589937,3.7387738564298716,1.6602776668826214,1.5425455734515539,1.9594697630042257,4.0806054319062675,3.8296599166802925,2.4960218311041427,2.7651572455010687,1.2829826561793864,1.6387840370571976,1.0,2.3047307971396185,5.421908147420014,1.279414245320591,1.0745658867766048,1.2332379853019364,6.580768029596769,6.428677120210484,6.104934534559259,6.457692307692308,5.449676288794462,2.4943834312711046,6.027776979448673,5.229022759706314,4.967824850939442,6.593478931596755,5.351837164232187,2.5207298803112894,3.9898242354797153,3.47030138528461,3.6590548671361636,3.498201397394081,2.567399963520025,3.129332004928473,4.525726160975621,2.701886562511745,4.660348150603113,2.9164527625610304,6.488061544783598,5.327045247346951,5.076740301560232,6.671513413902581,3.9477322631452534,5.533794863818955,3.9220476085768983,6.368072581004779,6.033783615268096,3.024865679630347,6.022025471873475,5.345890918459654,5.5088559124741305,5.420669538793287,5.384950793671813,6.285750949966199,4.373024492199401
A57,3.2849875688481527,3.608298437300785,4.801204714562672,3.4603454327744108,2.2139190112062437,1.7750478709108553,6.1093965385426925,5.2176652185489045,4.860946834319526,2.789811997233429,6.2642514219792815,2.109114257625338,1.8654307684923308,2.3047307971396185,1.0,2.488074738168107,3.1590551618567786,3.5009710006342907,4.101078052453083,2.9416616905146262,3.8939297759975444,6.983785681152077,6.504284030358899,4.250682196636034,6.080665951052307,5.912050539423311,5.070728553790372,2.0433990475269503,6.0559382935470785,3.756793863528415,5.253559827379286,4.047274446985863,3.9103848486905095,4.129869424807708,3.1716779658453516,2.206319929877111,2.255114298990843,3.3441313853555084,3.7519380748895568,2.813321519508265,2.3692497718743906,6.037045395720345,6.383862235303957,5.1643738395022325,6.083395039882016,3.2861270820887687,3.418302413694444,2.1143572056093136,4.529942656680368,2.312885310095292,2.8532862061970654,4.457580478027797,1.7779989169450037,3.6391837613623474,6.218946192799626,3.506006157218034,4.4301140022472865,6.805442142869392
A2,3.545398260246495,4.833501972029239,3.571068675131861,6.157332444984937,6.920132469186311,5.326597274245003,2.722128052276653,1.981837240704573,2.868033088509664,1.9097484764781136,2.276607857018119,1.434915135464327,4.025923430851003,5.421908147420014,2.488074738168107,1.0,2.254060265436978,1.961201886259975,2.5135774152300123,6.278706894895832,6.3055652264272375,5.92190143436269,5.341900205652452,3.8314572148016808,6.673569211381409,6.240441512754174,2.3464038299059586,3.8324726598521104,4.89005636397922,3.6649123663744567,5.275874566747447,2.3693865854315925,3.6137275588078137,3.2450742014337353,3.6497639044464583,2.8709718042171297,4.353748305270161,2.583975404848038,5.022858240235433,6.0144825216762,3.284475803047323,6.0353732287333886,5.805197224121041,6.417860158149144,6.2296751389204035,3.0272440433924652,6.1577387399451275,2.996050360112818,5.268969773191636,5.33331257945671,5.146706620120597,5.040033386186417,4.788170102098244,6.502707527317913,5.371678124038043,6.557937058054708,5.9858720252816076,6.537764836946581
A28,2.1748722827718057,2.652270663810961,1.9674214442249731,1.4557531154737435,3.9851739884246076,1.8888703245690943,2.469324752034792,3.6939000646834264,2.170001524234677,2.183968641772429,3.461572541191548,1.610697985109021,1.596658151372725,1.279414245320591,3.1590551618567786,2.254060265436978,1.0,1.5453962144178393,1.470601477589939,5.958135974092084,6.658566587966662,6.100058630091237,3.8269426335813677,5.0308976481398595,6.186420072704145,6.874717694156265,6.285535209475498,5.3523908808883505,5.577309112982189,5.625170265946599,6.379337614158061,4.546894666511409,3.580696616798368,4.284067536988081,4.33127835871691,4.127210628665281,2.896859571515539,3.4621640057150618,2.2791918769236643,4.141291325608771,4.095173046659257,5.927116590695779,2.236525205922677,4.684035645098204,6.862572290861263,3.376787857481925,2.8629363864853037,3.038059923915467,4.813836787764254,3.123422068669509,3.9124458153369814,5.321150448490259,4.9763123291065625,2.2852073121202947,4.500792738602736,4.958763819380699,3.879399917105875,5.754058437331634
A85,2.2629098522040736,1.6295498498667964,1.6756777676158543,1.0,2.2580188388659552,3.2646793129287888,2.179123114055985,3.5836045548565614,2.2699878255453676,3.1742681658730083,2.7327587577707826,2.285886406517898,2.4281481564468437,1.0745658867766048,3.5009710006342907,1.961201886259975,1.5453962144178393,1.0,1.7775566699226943,6.330273416693941,6.851667371062312,5.650203765768402,6.003614213491183,4.48482844720872,6.326553483795918,6.091750572771846,5.358477663986701,4.404632029450406,5.944842623439819,6.299428586799888,4.852193201288317,4.890667314476458,4.110062269772183,3.0237396742928766,2.46541720964864,3.6664520553304696,2.7077214450356406,3.238485182750651,3.328066509468141,2.8923346511828107,1.9807692307692308,6.14067277857982,6.203385518266397,6.816009411287367,5.083315698481782,4.448925358040884,4.169524945012512,2.9899632324883436,2.6127413214528006,4.703224089158202,5.323460315878929,4.201724892043176,3.663084319518184,5.609907367497832,4.804609239948156,5.697870449421071,5.60979185975115,2.612954118304435
A95,1.9994182791942825,2.2888143996156103,1.6074987354333987,1.1329502345510165,2.7296439564167176,2.6536140462802487,2.1139241950212053,3.3377663063875067,2.7273050922522986,2.0263003771802444,2.4308023869941238,2.0796399866009025,2.0908935874724746,1.2332379853019364,4.101078052453083,2.5135774152300123,1.470601477589939,1.7775566699226943,1.0,4.9723632316268445,5.3091351594017215,6.441355294522781,6.235759445502251,2.658622208212854,6.067743725786316,6.193599855293951,6.773896885978047,3.719706455218705,4.164244035215426,4.554877395985676,5.240712793980346,2.9974212125436726,5.22862105853857,3.73975746580111,3.500819602379402,3.3214364876721225,3.559374253807152,4.726118712213214,2.3894284841001445,1.746835691926637,5.679767503469511,6.204859422941446,3.0396631854881306,3.398590900854992,5.955826381352377,2.456892383103664,3.968596639447373,4.87550296211857,4.046319202498024,3.796987003498337,4.781042492620291,6.352027557152212,5.6627328357147215,4.476100120817113,6.056730030721917,4.0324028612280705,4.789816800807598,5.359394753992053
A7,6.7241017763197215,5.537310454642003,5.055866221802965,5.858512921876047,2.7244143268823384,5.687094557622303,5.000589813321475,6.747890693518645,6.283218337449933,5.397010456297828,3.484511498044146,5.9884203390107595,2.6223270642459426,6.580768029596769,2.9416616905146262,6.278706894895832,5.958135974092084,6.330273416693941,4.9723632316268445,1.0,2.3684629071990804,3.3192537541227054,1.1847027921865807,3.0118613354465222,2.0065389753553844,1.9036913005943248,2.0350375800916396,4.154016649553826,3.7944013516015453,3.602273818427741,3.1358180638866067,3.005063910792727,2.415325214439692,3.627363992192575,3.7544767567911244,4.473882234201991,4.127713790507606,5.7462983528628895,6.464042841766519,6.568052500902355,5.364085432354902,2.4032934254952076,2.358135749759433,1.928967722767165,1.4247988134048375,3.0856378649580227,6.300583941992039,4.322616040132141,3.0451526399639763,4.803515216783434,5.57572029593038,5.858819089461224,4.3641836819972015,5.254152366581031,4.585200086892385,4.796397395288252,2.9891072881193024,5.302645788016972
A12,3.8296599166802925,5.064608628025985,4.064298026533888,6.677731994235651,2.5041624955038033,6.54134547383306,6.536991840811858,6.750111058178895,6.770741079023297,4.986607750130408,5.7817575983814,6.55590762561841,6.062221860148657,6.428677120210484,3.8939297759975444,6.3055652264272375,6.658566587966662,6.851667371062312,5.3091351594017215,2.3684629071990804,1.0,1.6337359445491912,1.198303555334192,3.27064673717347,2.369283976165346,2.1009612629490633,2.3386005510258894,4.626182283944791,1.857749019295651,2.229316109895767,4.643851831598149,3.2728900592742076,4.440400725379195,2.060441127663533,2.7865189020909376,2.8873692528118786,1.882270385963245,6.042319538764957,6.700890773898093,6.632323940285214,4.7657405999751115,1.3582619346747138,1.230439493132426,1.2266377852221608,2.6137139383180106,4.030465790092763,4.9449321348470905,5.144606361371933,6.4170939104544535,3.9970210920696236,5.997443711220434,5.095014106025781,5.928869999142324,5.5830789872020095,4.997782268132804,4.515914150239437,3.6295238312835645,3.241202952821978
A13,6.479087678697272,4.957222524109266,6.301637156178323,6.86616872380914,4.861486801459125,6.106305128968068,4.564211318727496,6.290211592638312,4.481532921206926,6.0006909386313225,5.585929272185719,6.700095446106909,5.915505816374404,6.104934534559259,6.983785681152077,5.92190143436269,6.100058630091237,5.650203765768402,6.441355294522781,3.3192537541227054,1.6337359445491912,1.0,1.696287466843113,3.699288926100749,2.0014861664751527,2.090374633986625,2.261462019653157,3.9629595808452898,2.178781909684867,2.305402847983119,2.1311200263397034,3.4756924472563995,3.0973378672693808,3.520890620532278,3.831691575124562,6.457736431666897,3.71544302608142,6.328267198533686,5.598408144789971,6.019135605852247,6.326373063831154,1.1933070431513217,1.7969293220635034,1.550898827688068,1.4335326173352967,3.146667161527313,4.491509664368612,5.457258898897868,5.34403800686591,5.149805967101058,4.5035180756975555,4.407606919192001,5.491181151816974,5.008435987695449,5.378144259419821,4.121095343351001,4.648816940899227,4.122319209157176
A31,4.722218505206461,5.2217592496126075,6.206378993714137,6.083195108223103,6.067283776649633,5.162632553509432,5.677576263034011,6.0065717248281905,5.865758345417271,4.560287200031631,4.752891341664431,6.152710264299733,6.378812312066988,6.457692307692308,6.504284030358899,5.341900205652452,3.8269426335813677,6.003614213491183,6.235759445502251,1.1847027921865807,1.198303555334192,1.696287466843113,1.0,3.211901833087988,2.231121078687912,2.080925389753398,2.240888208613044,3.881113613379571,2.9654166179761625,2.1313928175373924,3.2393126078079897,3.7375288711335446,2.308936010347608,3.2820553064246707,3.914333965983528,3.519278547170777,3.8627385618648304,6.044344915812534,6.211211337549345,6.773425187300161,6.2407046955807886,1.5850292181797268,1.8388795369395043,5.046891340126295,2.422429628980399,2.4129514396522715,6.110321292779183,4.018951038071437,6.144024883173238,4.970489868592364,5.561580204805111,5.2287457280115595,5.963389113883289,4.41886797790526,4.471778227016337,4.29445001098757,4.155140536758775,4.471021832307493
A50,4.4117980777459405,3.9445957253206667,2.0075476035497766,4.13726091446635,4.691871079544984,5.718526851159371,4.918710899733719,2.419264117106949,6.851159956088393,5.23953815686341,4.03267950081741,3.772094265486979,4.848313853851491,5.449676288794462,4.250682196636034,3.8314572148016808,5.0308976481398595,4.48482844720872,2.658622208212854,3.0118613354465222,3.27064673717347,3.699288926100749,3.211901833087988,1.0,2.34460322099987,1.9007209778691192,2.1470636334418245,4.55442625922342,3.4896170971253984,2.7066431157267044,3.284057017483683,5.724256037198611,1.8100940707889972,3.3002982157243803,1.9979395544490401,2.594791949006005,2.2003371308556954,6.394094201336809,6.727354845118684,5.866846772869875,3.693676184164594,2.912204167287195,3.316195160566479,3.515836648935609,3.2154084550794146,1.3901762277446275,4.51911700817109,5.1995540483032805,3.017614881738332,2.9664114067534184,5.1399514524071,3.3784776558243896,3.523232006046409,3.96613622695108,3.5159227430738063,3.700203135632331,3.5873303895362705,6.056517336143698
A53,3.219220188319839,5.703269059172241,6.608607136701996,2.3828838511354684,4.912413400980347,6.876450885815994,6.2946575092463455,5.250306456713602,5.547621931022657,6.102485384648672,5.70009110708523,6.656580596560823,6.312678882683663,2.4943834312711046,6.080665951052307,6.673569211381409,6.186420072704145,6.326553483795918,6.067743725786316,2.0065389753553844,2.369283976165346,2.0014861664751527,2.231121078687912,2.34460322099987,1.0,2.762768527697867,2.4546654815714617,3.6054339818784875,4.610028335522201,2.7151393776924135,1.9977704689180207,5.857312578600459,3.4839678480263685,3.2590279704674225,3.4538510347481197,4.593364895765132,4.429200194849654,6.664008806155825,6.888209851871368,6.425927577252101,6.311819819435049,1.1564730114801864,1.2354534498807046,2.0260512295519013,1.8475980198071846,4.445087371514033,3.0933521565472866,4.2189501883683045,5.21709594089436,5.728887626346962,4.791889538495333,4.172721876683399,5.638270078173905,6.537775723518229,5.3697541295070526,6.151292668080053,5.52847782243784,5.1859045104685695
A96,4.9454031951677155,5.628266072650668,5.542787355439539,6.356236423444727,4.9124875405530855,5.048978402468958,5.188699006934795,5.2676508413595355,6.290892308418362,4.520254476628324,4.347528039863491,5.35556342350681,3.9115299804832877,6.027776979448673,5.912050539423311,6.240441512754174,6.874717694156265,6.091750572771846,6.193599855293951,1.9036913005943248,2.1009612629490633,2.090374633986625,2.080925389753398,1.9007209778691192,2.762768527697867,1.0,2.9648928885564976,6.767720099916746,4.815534484847174,4.635057932491452,1.9069248713950149,2.951237842230626,4.473882234201991,3.290564535447828,3.5106019271679942,3.0100092636902684,3.992921034834259,6.273486558257035,5.878134019844479,6.292797892625224,6.614663120891698,2.262077487765003,2.4842996313873185,1.686314521776879,1.8201840356576544,2.065474686775225,5.098204678189848,4.7765187363209884,4.527721427644369,4.571791702322011,5.087499108034737,5.1215407284262335,4.481286879121248,4.1037195541285705,4.191069262797022,3.573837608912692,3.5001274012086054,4.6796433783511375
A22,2.927880001472201,5.30210006955874,6.605991442352014,4.268155618957515,6.284797089854716,6.631090926751728,5.505831441162984,4.872212534890491,5.941803782946521,2.8777066508753375,5.412137441057338,4.989232648247592,4.695502962267658,5.229022759706314,5.070728553790372,2.3464038299059586,6.285535209475498,5.358477663986701,6.773896885978047,2.0350375800916396,2.3386005510258894,2.261462019653157,2.240888208613044,2.1470636334418245,2.4546654815714617,2.9648928885564976,1.0,4.671127293854408,2.533322428859261,2.063203379451372,1.8492326362945208,2.7161846822688616,1.9924773663925508,2.629579550801133,3.039459651173418,2.970438941800974,4.652658924330172,6.614630866691272,6.941449909530871,6.370087757926855,5.7985636906325535,2.2807333966921335,2.1893285955217645,2.855832319036009,2.4347771666078732,2.7778844190721403,5.371261097824153,2.1256550238843754,5.662809063120752,5.879585983296686,5.567846485083938,6.134149165120982,4.266094875448278,6.37003179001085,5.91345716017608,5.038360575818786,3.7722135246999975,6.247577561956422
A44,4.577724281705114,2.7517317141729922,4.115835309031983,4.813063511726222,3.5144372831352007,3.614874843449866,6.021906576774583,3.0538714573681904,5.605118055281297,6.244319394004023,5.397773250522033,4.027881409400056,4.504529414270447,4.967824850939442,2.0433990475269503,3.8324726598521104,5.3523908808883505,4.404632029450406,3.719706455218705,4.154016649553826,4.626182283944791,3.9629595808452898,3.881113613379571,4.55442625922342,3.6054339818784875,6.767720099916746,4.671127293854408,1.0,3.8514759836215378,2.2198936348920126,2.3063574550556765,2.2379929316963847,4.659766836218825,2.2501295500625687,2.2363783680047975,1.8231825826570012,2.0664471432261666,2.9267103773534835,2.6789568141261424,4.559740101113142,1.6337359445491912,2.850243800993322,3.638252201503578,3.625036382329683,5.017790247381756,2.0680261588181605,2.666558605456255,5.063332029816347,3.2215998851465164,2.428546514973961,2.2537693907630176,3.727028295987278,3.2904020274970462,4.3821314094455435,2.4915855188170726,2.2584178536293225,1.6466435884513047,2.2996295346873756
A46,5.988994445805991,5.360459982886029,5.170210907397227,6.442627172647117,6.467997525430389,6.564314005245977,6.872498942040965,5.457153112103374,5.892904057067507,6.348332516395565,5.8915895341545275,5.22375642379753,5.610985315784359,6.593478931596755,6.0559382935470785,4.89005636397922,5.577309112982189,5.944842623439819,4.164244035215426,3.7944013516015453,1.857749019295651,2.178781909684867,2.9654166179761625,3.4896170971253984,4.610028335522201,4.815534484847174,2.533322428859261,3.8514759836215378,1.0,2.1307692307692307,1.6494151005156699,2.470202921170593,2.730798076742791,3.4144773194399614,3.4965990820239607,3.3096531796838917,3.2147408666712263,5.977525004671012,5.5265998970197385,5.774050124391188,5.824321848606789,3.8730962181091524,2.046887366148893,1.6351097892315725,1.3564806961303084,2.6321122958372847,2.1076923076923078,4.586927055946029,3.7450318618719414,3.2244528529713237,5.359232926960366,6.637039298435086,3.297983661981066,5.029683961056923,3.2138584513341133,3.966061072969571,4.07831147710631,4.1999627916074145
A64,5.732023263228005,3.7078927159181916,2.2928774060573525,6.400322979096465,1.968757103106062,4.793001705444498,4.840966858248456,2.0680261588181605,5.72637778197603,6.460074540824207,5.688927888546088,6.84066094008711,5.067117769647439,5.351837164232187,3.756793863528415,3.6649123663744567,5.625170265946599,6.299428586799888,4.554877395985676,3.602273818427741,2.229316109895767,2.305402847983119,2.1313928175373924,2.7066431157267044,2.7151393776924135,4.635057932491452,2.063203379451372,2.2198936348920126,2.1307692307692307,1.0,6.2127752320456855,2.915411324643207,3.424363629389921,3.5669848105211033,3.412963723095123,3.1795137148394788,3.7560150160154873,4.936739614015842,4.0723331494766475,5.763029053704731,5.307336449787227,2.9390172286688063,2.3744419437193915,3.2047078141552463,6.039831234428172,3.0075377701052703,3.9790390803425657,5.375873335982697,2.1078503613948287,2.617266398856375,5.03778360405669,3.366809609680365,3.1875198995939282,4.245234760286735,5.775493011925555,3.017383958507163,4.13713545374533,5.142998820936408
A99,4.820199772067205,5.630196821171847,5.74130643004232,1.7383603199922735,4.645901631812778,6.13918232332503,3.7398377475657654,6.110227653623165,5.894120926300358,4.791219054518318,4.538443565740768,5.965863695730242,3.134713582509942,2.5207298803112894,5.253559827379286,5.275874566747447,6.379337614158061,4.852193201288317,5.240712793980346,3.1358180638866067,4.643851831598149,2.1311200263397034,3.2393126078079897,3.284057017483683,1.9977704689180207,1.9069248713950149,1.8492326362945208,2.3063574550556765,1.6494151005156699,6.2127752320456855,1.0,3.218267742319203,2.1444746281908804,2.5123351646545418,2.828507170362472,4.543018684600161,4.081806453275613,6.1079915607711275,5.203190127648622,5.387190744848434,4.814200635251439,2.414924211726777,1.9512153659516893,2.3827479798840527,2.043440130224297,2.378292978270109,4.522414797163074,4.571021448619936,3.030998968777235,5.461699938692512,3.479288465834203,4.573540289238123,3.0100864598191563,3.3560485365104906,3.7882747200894182,3.9058578971850375,3.0612497038670248,3.2814964392042385
A17,4.4282695585611735,2.8898801870595343,3.249246367362005,3.9613231539846225,2.4114454672496626,3.6560294820422894,6.568009169057534,3.75387724270444,2.83000110627602,4.031978639338137,2.9627182573028557,2.9628231015143616,4.499159927963096,3.9898242354797153,4.047274446985863,2.3693865854315925,4.546894666511409,4.890667314476458,2.9974212125436726,3.005063910792727,3.2728900592742076,3.4756924472563995,3.7375288711335446,5.724256037198611,5.857312578600459,2.951237842230626,2.7161846822688616,2.2379929316963847,2.470202921170593,2.915411324643207,3.218267742319203,1.0,1.0,1.0,1.4502592585441263,1.26031138155408,1.064266645666914,3.7471552978178257,4.491247862565505,4.217687317746879,6.105168847628413,5.5116561995797895,2.8353053852765866,3.3245583851159637,3.448553070257688,1.2644357141908065,4.323179334112824,3.482162237117687,2.2896705043455228,3.6320141469111435,3.9437449776222326,4.539333121220741,3.710728645226616,3.7009952443152754,3.8680565478910687,3.349436415971944,4.169400564782531,4.591528808880615
A21,4.114266657675341,3.209227158813445,5.313669873659094,2.7552452008261175,3.7771788893266067,3.229794351300415,4.501967957537873,6.830456405698468,6.500517261335189,4.533830967843898,5.245284242547195,3.7392757343988587,3.7376694574073577,3.47030138528461,3.9103848486905095,3.6137275588078137,3.580696616798368,4.110062269772183,5.22862105853857,2.415325214439692,4.440400725379195,3.0973378672693808,2.308936010347608,1.8100940707889972,3.4839678480263685,4.473882234201991,1.9924773663925508,4.659766836218825,2.730798076742791,3.424363629389921,2.1444746281908804,1.0,1.0,2.0038882644587526,1.3450714808141373,3.874600898291247,1.1073573078392032,3.846132238479772,5.385594715512199,3.7196256831911514,2.5642000591958314,2.791836241804592,3.3192537541227054,4.486204890018113,2.869911008465656,1.1309782300082138,4.06952287048068,2.8993608826665156,6.426903365660246,5.284166544519044,3.1940379210108536,5.731935490597896,3.077876083066555,2.964159486024451,3.5988589867545193,5.913493533518523,3.532922426193506,5.872065754955809
A41,3.659383990082874,3.643217406616082,2.470983199824761,3.515729027892484,4.634093750625049,4.285205287458223,3.054478668901569,3.853397694042224,4.045951733706063,3.3542095474285505,3.311336160077359,3.304321106990754,3.34312849512697,3.6590548671361636,4.129869424807708,3.2450742014337353,4.284067536988081,3.0237396742928766,3.73975746580111,3.627363992192575,2.060441127663533,3.520890620532278,3.2820553064246707,3.3002982157243803,3.2590279704674225,3.290564535447828,2.629579550801133,2.2501295500625687,3.4144773194399614,3.5669848105211033,2.5123351646545418,1.0,2.0038882644587526,1.0,1.0,1.8534738969826219,1.0,3.102013500047709,3.9850057935214904,3.4957109529699735,3.2361197700971385,3.827216415000451,3.3783875576372835,3.184243064680586,3.4395626914061133,1.3511164677352874,4.272723414186059,3.831164241734947,2.582249595009146,3.5043430887029885,3.7256781033911643,3.8579937846841794,3.731317038715734,2.8958906427710884,3.7408812337298256,3.8628933830216257,5.093303974308926,3.436559938070837
A72,3.438944721884035,4.8560090874535105,3.361921038324925,4.071220245938845,3.5099119196159325,2.7514458318085118,3.1971112185010715,4.246227363478246,2.910090531079608,3.7400585123995604,3.0886863042093253,4.2674803709245195,2.9307485841528527,3.498201397394081,3.1716779658453516,3.6497639044464583,4.33127835871691,2.46541720964864,3.500819602379402,3.7544767567911244,2.7865189020909376,3.831691575124562,3.914333965983528,1.9979395544490401,3.4538510347481197,3.5106019271679942,3.039459651173418,2.2363783680047975,3.4965990820239607,3.412963723095123,2.828507170362472,1.4502592585441263,1.3450714808141373,1.0,1.0,1.402283823505098,1.1624393543200366,2.734832960450107,3.897303668597419,3.5324086498282274,2.8792519693609138,2.9467312894565083,3.698313488000596,1.71975565724548,3.761223841963359,1.4798387515558749,3.544182780805547,3.330265524136404,5.098318586925393,3.473772837475828,3.823635961698062,5.273198924836535,3.545931216013314,2.604822736158596,4.019006574665173,3.7586703383409388,3.884692306837625,4.045051277604033
A88,2.4042680655958035,4.361750670364704,3.5668365913834874,5.827525288097863,6.966391863854356,4.421865571016143,4.438229436262695,5.201240084299682,5.737700323986071,3.426359151241941,3.8531260023745557,4.127803633645463,3.2768816086558,2.567399963520025,2.206319929877111,2.8709718042171297,4.127210628665281,3.6664520553304696,3.3214364876721225,4.473882234201991,2.8873692528118786,6.457736431666897,3.519278547170777,2.594791949006005,4.593364895765132,3.0100092636902684,2.970438941800974,1.8231825826570012,3.3096531796838917,3.1795137148394788,4.543018684600161,1.26031138155408,3.874600898291247,1.8534738969826219,1.402283823505098,1.0,1.5893180401686098,3.459468623140177,4.014264361645804,3.9077114110530875,2.1357515675642595,5.491942907383857,4.901219104434022,4.218722201145342,4.829696808722615,1.6997335217775746,2.2851000640488053,2.8810671542070967,4.003868875413327,2.008261660225112,3.5413234717740494,3.7039791658490566,2.3329275941501395,3.255293317376979,2.967039493974965,2.5337324761943245,2.279729761739447,2.7824031231482893
A92,2.4797085691941008,4.071804106516594,2.8349466095681697,2.279622197243321,3.7113765142309036,2.552571821100879,4.886910881622812,3.3888206906122367,3.430921695919231,3.6469982371063545,3.6100534725085662,2.714616546595104,3.0994031164792,3.129332004928473,2.255114298990843,4.353748305270161,2.896859571515539,2.7077214450356406,3.559374253807152,4.127713790507606,1.882270385963245,3.71544302608142,3.8627385618648304,2.2003371308556954,4.429200194849654,3.992921034834259,4.652658924330172,2.0664471432261666,3.2147408666712263,3.7560150160154873,4.081806453275613,1.064266645666914,1.1073573078392032,1.0,1.1624393543200366,1.5893180401686098,1.0,2.670264514491115,3.063267542876133,4.113833808938216,3.181710492726512,3.4640252725076266,4.106033832631138,3.3109443207440803,3.080858286385036,1.1730769230769231,4.064206616425814,6.493689518038531,3.5969928960589264,5.053106572681017,3.793433689611857,4.106033832631138,4.006414843352874,3.444325636271891,4.093468611702129,3.4429813065313226,2.6671519621665443,3.719464133198522
A15,2.0510225918852267,5.388129345975414,3.7295257054257225,2.4325257568083565,3.9625834577333765,3.44086442721275,4.8260093106417665,3.91976385882442,2.973598971970735,2.667507900897623,5.141729323219657,4.383745236774027,5.200348370797589,4.525726160975621,3.3441313853555084,2.583975404848038,3.4621640057150618,3.238485182750651,4.726118712213214,5.7462983528628895,6.042319538764957,6.328267198533686,6.044344915812534,6.394094201336809,6.664008806155825,6.273486558257035,6.614630866691272,2.9267103773534835,5.977525004671012,4.936739614015842,6.1079915607711275,3.7471552978178257,3.846132238479772,3.102013500047709,2.734832960450107,3.459468623140177,2.670264514491115,1.0,1.1712996693941604,1.0124427441133292,4.923076923076923,6.43111517766877,5.694525080886441,5.863091389643138,6.0650542612114595,4.142920162759297,1.9414262291934747,4.208694754668473,2.93859385678796,3.7337307850931323,6.073224850134508,3.340665393921827,5.116550926930793,3.53461300751074,2.057633483104442,3.0364302066219135,5.14074169992845,4.232726769540863
