,A4,A35,A58,A63,A89,A94,A36,A42,A47,A59,A75,A98,A40,A51,A57,A2,A28,A85,A95,A7,A12,A13,A31,A50,A53,A96,A22,A44,A46,A64,A99,A17,A21,A41,A72,A88,A92,A15,A16,A23,A70,A8,A20,A49,A71,A78,A87,A100,A55,A62,A68,A5,A24,A27,A48,A74,A77,A82
A4,0.0,0.6022655153017138,0.3997103766879705,0.34250805455309996,0.5270058587792303,0.6675137252974398,0.549927539247836,0.5283867759482905,0.5777893374811762,0.5279337189427347,0.6029930715343983,0.45805090851236996,0.5041722541677716,0.2550054899776376,0.616278218627728,0.5149194908044057,0.6771549449346066,0.5116768831823963,0.600460580788414,0.545103273485972,0.49470410111129537,0.5253165100941837,0.5180408730688133,0.5216425646139526,0.4679898286952755,0.5502066849605289,0.5654812893258239,0.5286154874181896,0.6281458900607293,0.5450452325860442,0.492042181763346,0.4039231522007839,0.4777352810150175,0.3473728434673796,0.5884005558658674,0.5209256791940636,0.4939273607400274,0.47928669865582363,0.5747217885765864,0.52769270555923,0.615848129771652,0.6011149006770868,0.5399365492160231,0.5719132591839502,0.5905311553990109,0.4878627153723303,0.4649648582476803,0.5078897627759289,0.6790245889453308,0.37832626064518904,0.29057944850888473,0.40068983310930417,0.42725917084243037,0.41683418294511476,0.4684122188865255,0.6302589299587571,0.5749230185843108,0.48052125512051125
A35,0.6022655153017138,0.0,0.3210320192882884,0.6653579615414078,0.3301500633673624,0.41743195454682247,0.32224887024788273,0.4328070015757466,0.3634946109091183,0.43004671699898045,0.30265878732459384,0.3673376420242881,0.4972526356475817,0.520552565025494,0.3496698288294283,0.42179209449306077,0.44795099271390115,0.5207022289580534,0.361911680844171,0.46348630917310707,0.5008003799120173,0.49642068971909614,0.3881676625904771,0.44221475994656534,0.6782641902398509,0.40615903151698907,0.4944492565448694,0.3801830832673191,0.34656583152418097,0.3647875920292334,0.4253644842915526,0.4948978625727507,0.5852278525064563,0.5015726426027851,0.36431569065814384,0.5404358333389974,0.4792335797850865,0.45189848375440356,0.5849066953788067,0.5072510585438745,0.42242567630750516,0.6009531357933173,0.4377726212905826,0.4321405568683867,0.34592920102698976,0.3338794629623836,0.48782582730497437,0.4361403050320496,0.3294211457797386,0.3581817561726227,0.5745041596060814,0.3742114061202555,0.37797760351767984,0.5244100860906108,0.4280286202258624,0.36355830640518494,0.29699716719923763,0.37710081777938176
A58,0.3997103766879705,0.3210320192882884,0.0,0.4846897292443919,0.3407640583921955,0.5240556936721357,0.3647405937159255,0.47537589474869923,0.44552978842778757,0.5331987665308086,0.48195049056257677,0.43184377972887933,0.3992214389340891,0.3859148821609315,0.3829881272335539,0.49885869239458047,0.5133896635467785,0.4930637091385912,0.34795194916211347,0.5179638347977126,0.4845702930692507,0.40507853097112345,0.4129131863616091,0.4569593453881017,0.6064032738423001,0.35774236435678985,0.5195382391939718,0.36629251790957595,0.4567089503112677,0.4463552067367189,0.47154335265231306,0.41175081965690974,0.594799088404149,0.4183819862705489,0.36662836573213253,0.5304959454475704,0.44302525255611347,0.47691331520504143,0.48845858023780264,0.5000630967919423,0.5046957872353339,0.5560331470938082,0.4910827921752384,0.47698075019822106,0.4389010427761112,0.32438361876218025,0.44941503409394645,0.36367918781565167,0.569736259246272,0.31880670263771227,0.3961823837014271,0.4039036134485149,0.3729585062058357,0.5244091516398819,0.33592579137939726,0.44879245285613145,0.3416313238937825,0.3485627887669901
A63,0.34250805455309996,0.6653579615414078,0.4846897292443919,0.0,0.5309396100141845,0.6937338430550382,0.49754123495211267,0.44622356175626043,0.6589305198907054,0.48413332072483295,0.6780330762944207,0.4971651743074743,0.4370029148305906,0.3772435816125481,0.45873749688997256,0.5308682224315282,0.6910587094262306,0.5051041898637236,0.4711567460801056,0.4365906063237339,0.5765958504742081,0.4549848726420721,0.5469830969622029,0.5240086110964763,0.4490534979485802,0.6172255797976196,0.4479346408205741,0.4407970983976033,0.6606390205698442,0.5598781279749796,0.4580380694126961,0.49309035461978823,0.4582341250411529,0.46247880276148157,0.6455684261295178,0.4989878977804736,0.39513244316542795,0.564911586731728,0.5835580158878485,0.5747156801956199,0.5635333521030801,0.5712209849562682,0.5611692853535721,0.5412916269897492,0.6110787645990456,0.5282644219740373,0.446070198749999,0.471503516420849,0.6848272777058738,0.4141445597955813,0.33159955470250857,0.4521945759141409,0.3821272705903711,0.4086739900949591,0.37166972713659896,0.4935664294489345,0.7268444915264551,0.5403428347093577
A89,0.5270058587792303,0.3301500633673624,0.3407640583921955,0.5309396100141845,0.0,0.524223592625831,0.3260658896809411,0.48442894195508823,0.49381432532104264,0.49598481380213144,0.43871836308784995,0.3660788020438036,0.4708377714269948,0.4914856687184457,0.4177222699860226,0.4750970078528919,0.4613359916620021,0.5360284969793538,0.3094805748961412,0.3136202255969197,0.49537471981887815,0.4402661619383965,0.39220066728172964,0.42867670011746384,0.5627112706713608,0.2919426028804041,0.48419380169701254,0.2911343712037149,0.4454151706032867,0.4281992479596535,0.453352232306648,0.47150869463532374,0.5098857019247771,0.5249644739606266,0.21180462975164605,0.43784048285542365,0.44755530138975763,0.416823221177946,0.5286275800710599,0.4985826743931959,0.4845453347849219,0.5481143365943753,0.3924197812696455,0.3835453246713677,0.45298793278134586,0.28929275695477874,0.419595764856858,0.4763768715502611,0.39223996799878835,0.3589967467988986,0.4807376396987242,0.37995045582401543,0.39907534191522287,0.5194262074722278,0.41600596858342553,0.3488745869368445,0.41256149060413316,0.43569543928522314
A94,0.6675137252974398,0.41743195454682247,0.5240556936721357,0.6937338430550382,0.524223592625831,0.0,0.3475173683915227,0.3402831968570842,0.34053875947933476,0.4667244239812799,0.2375071418734771,0.487970719416119,0.5159640698928932,0.5823074646052313,0.49439092111209626,0.6292317035162085,0.5888072403403435,0.5828742623562037,0.6142097569804948,0.5233223221283733,0.6839950660503828,0.6102858348328332,0.4153796947212698,0.5464281951566623,0.8238260812594883,0.5406927710981869,0.36983171927712144,0.5274255894241016,0.4284631091078056,0.2961984448497206,0.49153079450774817,0.5537434111625767,0.6260676240660985,0.6538545370891736,0.49266016152435343,0.6104848265453104,0.664584643460415,0.6205803079028582,0.608058111521105,0.5831349458335431,0.5936653023528713,0.6827445100953158,0.5423156784276786,0.6666666129602609,0.39727735265132114,0.49542312166502345,0.47459435168545017,0.559204778119629,0.48705757173777997,0.4340498419855109,0.7351429155737861,0.43560018068039097,0.4285552741118549,0.5075290879735508,0.5311685010207732,0.5950860161414998,0.4230923270259036,0.5025785456728737
A36,0.549927539247836,0.32224887024788273,0.3647405937159255,0.49754123495211267,0.3260658896809411,0.3475173683915227,0.0,0.28412426844397853,0.3219712723521483,0.4912048446745353,0.2821224632368121,0.35081773072200817,0.4406094878528354,0.4833565093061608,0.4202499840622569,0.5343951946380092,0.5085920263937675,0.42667127549061357,0.3986449229545108,0.39463459521334787,0.6349359984628657,0.44317939157952535,0.39879186313711634,0.3727531535178884,0.6046637231984202,0.3309220239917243,0.3289507724159493,0.3407796556808821,0.41159762100496255,0.33487626158700123,0.38759405605780184,0.42456409014750796,0.5401490449042088,0.5321580380731041,0.3281923015228062,0.517719718068321,0.4307258000701919,0.5787242972511102,0.6292503766968426,0.43439401651506215,0.4935903076791619,0.5532499843660945,0.38792653728385185,0.47037973064665584,0.3820410755265944,0.3745774935176286,0.464912875373774,0.5232597199888673,0.37528465933427835,0.32035913603103294,0.4971800102845857,0.3940798622895425,0.293877622178931,0.4623961335873936,0.32777235497279333,0.44118149516106,0.43543995551190917,0.3852475741738036
A42,0.5283867759482905,0.4328070015757466,0.47537589474869923,0.44622356175626043,0.48442894195508823,0.3402831968570842,0.28412426844397853,0.0,0.5070612349505517,0.4723457692698463,0.3094531195191651,0.44672061158517795,0.39880846223097866,0.4683904952651805,0.46840394836991883,0.5864826237773744,0.5299862107620121,0.4080445130748065,0.478881037792513,0.478569088078449,0.6247189346144304,0.5074835115966332,0.5407526559703126,0.5290393012373742,0.6560870039579918,0.5555772534293033,0.33444538801872536,0.4572651423100136,0.467570038825046,0.43718093057421836,0.3293086997593059,0.4711764115537178,0.6139964049248927,0.4626100400195159,0.5050835544053518,0.5403818479833944,0.5117287939984825,0.6165173392506123,0.6126721315671819,0.5095068219107393,0.6065255231571669,0.6128921166869115,0.502800478222768,0.6304921266509413,0.49766001754656686,0.4452174804276794,0.4751459043017199,0.4921262306816081,0.46063655684019345,0.3899320894199083,0.5506076811841063,0.4269889949954876,0.3086335887190139,0.4555541012470432,0.3739237746935723,0.44051002076890833,0.5224620692378392,0.4260436256307689
A47,0.5777893374811762,0.3634946109091183,0.44552978842778757,0.6589305198907054,0.49381432532104264,0.34053875947933476,0.3219712723521483,0.5070612349505517,0.0,0.45802844117948605,0.4358973755065252,0.40912550750551946,0.5016377193971229,0.5766466529945455,0.47470470731699976,0.4311022300777876,0.4818260795346836,0.5412702245998551,0.5396223117858373,0.5022147327540656,0.5193135831721929,0.5027574447699383,0.37800736594081363,0.3134529458313561,0.6731453565104919,0.47594297137324104,0.4384537937912779,0.4780231241937545,0.41595765098718074,0.2853538241676492,0.4821874564029156,0.4825301168651498,0.5898373611657874,0.5770094850180136,0.4571449580978475,0.6421376101640219,0.45484251609356474,0.50689476989582,0.645381795116736,0.4504309793000968,0.34168446291134147,0.45281201801606075,0.45156293828268523,0.5091171901792901,0.33662975108340887,0.4585076667873811,0.5479052999525904,0.5344687820001346,0.41539815816223313,0.38607595527631156,0.721357534457125,0.49801690066319537,0.4745384894851191,0.5468473520999942,0.5254184348700394,0.5060869672938374,0.4142248595310698,0.42889808266227925
A59,0.5279337189427347,0.43004671699898045,0.5331987665308086,0.48413332072483295,0.49598481380213144,0.4667244239812799,0.4912048446745353,0.4723457692698463,0.45802844117948605,0.0,0.5337904739637703,0.4020834302537869,0.41621123676786076,0.4723705273026805,0.3883967061895286,0.5644865750291479,0.479482853345501,0.5144540273968706,0.5542830047421,0.4069416207670806,0.530301917924419,0.5395988989804821,0.43523453706572335,0.575276711202703,0.6872506319078022,0.628151856364475,0.4529740667111867,0.4576575271173462,0.4193228902553774,0.3492698766811052,0.5652731577622112,0.5815715048295411,0.5528564130997549,0.6178080505958705,0.578282201237464,0.4652032061532215,0.5257307497806587,0.5191512668019077,0.48342895256825247,0.5886262928928007,0.5420794086640748,0.6181508601754802,0.5332492205819503,0.579658648261344,0.5015048230419424,0.47776243766435145,0.4485255796247005,0.48267616374472355,0.55029972814514,0.44947685178366303,0.5920485695673865,0.5490894793702672,0.3085498059760603,0.4197151514227351,0.5201389641684717,0.5708469406368166,0.5663942996005281,0.47873912858229706
A75,0.6029930715343983,0.30265878732459384,0.48195049056257677,0.6780330762944207,0.43871836308784995,0.2375071418734771,0.2821224632368121,0.3094531195191651,0.4358973755065252,0.5337904739637703,0.0,0.4062547337523471,0.4793535713942927,0.5392520955049962,0.43178498691568457,0.4938004572169873,0.4626710934948054,0.5519723595427881,0.49061535398985545,0.43818283229080857,0.5738694339027713,0.5302014333901985,0.43664687764973953,0.4877314865953858,0.654941266677137,0.3741122138966122,0.3186083548133414,0.4143573820520202,0.34201691596340766,0.35172419792528353,0.3652111714003554,0.5255959820743783,0.5477000479050262,0.5835019972336267,0.3771350775346646,0.5919012867155626,0.5461039577499782,0.6454254402655744,0.6298221909425761,0.49502132342940186,0.5783264061747453,0.5990138353137728,0.3820199472747422,0.6140534903908755,0.3556489568920904,0.3634819054456876,0.5207761270846758,0.5699930692315758,0.3302344710840084,0.4344233184782258,0.6361932027191197,0.40207259959270847,0.37926917225761747,0.5560115586903731,0.4454468094381687,0.5013363751164301,0.38152748552060234,0.4354351002233747
A98,0.45805090851236996,0.3673376420242881,0.43184377972887933,0.4971651743074743,0.3660788020438036,0.487970719416119,0.35081773072200817,0.44672061158517795,0.40912550750551946,0.4020834302537869,0.4062547337523471,0.0,0.38367424603951317,0.36464534261488035,0.34867668259720874,0.4641902543748211,0.47131379259498885,0.5988307890678097,0.4181029351038734,0.41801180284619965,0.3009610672077081,0.34450767239536695,0.3403393112710783,0.4140918347973862,0.5291691314395707,0.36235493215420767,0.46522681056954696,0.3218326034508363,0.42227034636532124,0.3932807511844707,0.4191880713952457,0.4141397375888185,0.43042916116671215,0.47266485301207084,0.3307727068836458,0.5493517235536547,0.44569760540851155,0.2866623087272908,0.47094911287434915,0.467527606986594,0.43510516210011585,0.44906075335028917,0.39881097980500535,0.31969845697115695,0.3977278935420856,0.38560991607802586,0.4303808372739364,0.5201254594079123,0.4039940987312499,0.41690733550483905,0.5597349742668698,0.4772753234176813,0.3870496225610529,0.4732869112040623,0.4014621765734844,0.3255949080840874,0.44130692433071805,0.3347177205741697
A40,0.5041722541677716,0.4972526356475817,0.3992214389340891,0.4370029148305906,0.4708377714269948,0.5159640698928932,0.4406094878528354,0.39880846223097866,0.5016377193971229,0.41621123676786076,0.4793535713942927,0.38367424603951317,0.0,0.4772312997000293,0.36921490138803725,0.4980528447458228,0.4431452011471956,0.5609368856321331,0.47722035320046086,0.3768611567357856,0.5463549271062013,0.4814996928941726,0.4991339976581064,0.49922576586500955,0.5674503753997986,0.5481429072108313,0.3887135598138297,0.3554887961469776,0.48623648469586644,0.47831778323020757,0.5289624995840145,0.530145920726746,0.5961646731746868,0.6018414232601873,0.4725673110505283,0.49640637496462026,0.4848203232114918,0.576081953574825,0.5515683985252989,0.3847374874493823,0.6476335381423606,0.4034870356476137,0.41738115998191794,0.47133204447616583,0.3838547107136804,0.47911427638586823,0.3634245240543431,0.36089526829293705,0.5971850162291574,0.4320440180255286,0.5005468880330985,0.4276884952429787,0.4096484571734401,0.4219280560253674,0.3943967469370644,0.504869785125118,0.5233772724176926,0.3647475337067254
A51,0.2550054899776376,0.520552565025494,0.3859148821609315,0.3772435816125481,0.4914856687184457,0.5823074646052313,0.4833565093061608,0.4683904952651805,0.5766466529945455,0.4723705273026805,0.5392520955049962,0.36464534261488035,0.4772312997000293,0.0,0.5440644368097991,0.5711713206244053,0.5735620111571083,0.5440275024213803,0.5456754491773215,0.513644714357118,0.39562480216066764,0.4295936193584816,0.39806799299952544,0.46157503366431196,0.5491709882131484,0.476767770406217,0.47957099835582173,0.40926812294006065,0.5082039282293557,0.5159915277668858,0.43898302797861455,0.3880786341070199,0.4716639580570404,0.3109912384237864,0.5051130550711903,0.435796048186909,0.39359105958795715,0.4411083412149148,0.49989981000449457,0.5996029064513284,0.5781249170546972,0.5690233186030303,0.46600993397977764,0.5936793505128728,0.5355894879300844,0.3524506379762593,0.5014426686296665,0.5372711334683875,0.5652167048000138,0.3463444099258811,0.3323365861689713,0.4410563708012145,0.3081573738671186,0.5080851561438067,0.3566249110848564,0.5844858008441334,0.5157454207078676,0.42212732864704805
A57,0.616278218627728,0.3496698288294283,0.3829881272335539,0.45873749688997256,0.4177222699860226,0.49439092111209626,0.4202499840622569,0.46840394836991883,0.47470470731699976,0.3883967061895286,0.43178498691568457,0.34867668259720874,0.36921490138803725,0.5440644368097991,0.0,0.4617131300944516,0.4853561255712334,0.4891790000982911,0.4273117521887395,0.3410562725857812,0.44955850471667813,0.3267513212241524,0.38776670744823394,0.5336905266497668,0.5028181055746064,0.5506117968813076,0.49092648963909036,0.46657507168628753,0.4402980011506171,0.5056472793946118,0.5069068226619041,0.5249709789276182,0.495788295020567,0.6238633700370247,0.381244001536468,0.5569359349872064,0.46671001427218184,0.4649644893772058,0.4813030850962031,0.5299483561921922,0.4432876300776011,0.5843107378292234,0.48938476602890757,0.5488547810537809,0.3335131006637275,0.42814633170129246,0.5054528240740119,0.46517403240322175,0.4814046716239152,0.4884377603586797,0.5939077030218217,0.5115205931845994,0.41876614152486247,0.5445132381106841,0.37439398900807175,0.35018734388171313,0.4750990833514481,0.4594250552700153
A2,0.5149194908044057,0.42179209449306077,0.49885869239458047,0.5308682224315282,0.4750970078528919,0.6292317035162085,0.5343951946380092,0.5864826237773744,0.4311022300777876,0.5644865750291479,0.4938004572169873,0.4641902543748211,0.4980528447458228,0.5711713206244053,0.4617131300944516,0.0,0.44391597624551515,0.6059566956164069,0.39334748439042877,0.4019735270290138,0.4301768394607841,0.5123199379710639,0.5488389938693606,0.4096409391872564,0.43629383977025793,0.5211559242217357,0.4723712227896253,0.504745302998689,0.4352758524840947,0.4377669643901082,0.3727991537423896,0.5153910892487332,0.380324203463008,0.5507965942290606,0.45828802194544505,0.6514007460749782,0.4529020331045349,0.5341432555397951,0.6307961284448254,0.5360369673837585,0.3382491960488204,0.42419787832423617,0.4811376493233692,0.45998832413675705,0.4873251212387484,0.3521107437470371,0.6132913998737315,0.5586801337737155,0.45475805913170253,0.5192244971737108,0.6501759301202208,0.45209090759654036,0.5015398811154517,0.6155208489145572,0.5636876977664145,0.4028446820663486,0.49597213827152997,0.42088329521959733
A28,0.6771549449346066,0.44795099271390115,0.5133896635467785,0.6910587094262306,0.4613359916620021,0.5888072403403435,0.5085920263937675,0.5299862107620121,0.4818260795346836,0.479482853345501,0.4626710934948054,0.47131379259498885,0.4431452011471956,0.5735620111571083,0.4853561255712334,0.44391597624551515,0.0,0.5506359648522622,0.44874720665199697,0.5414797822063462,0.46171236564190277,0.5026612642357882,0.6194880145177437,0.452031174602065,0.5845703669954159,0.4992837854393052,0.4071930974244605,0.4450574040890103,0.3882736303112845,0.4763070125454205,0.5263509668230866,0.5306812073646572,0.549882158225329,0.6226012868166905,0.4613171973893606,0.6028370752723702,0.4899063467193743,0.5317745713967457,0.4756370169962024,0.5567217242907677,0.49720274374508977,0.5205038016306414,0.4053483173608631,0.5584637065979432,0.5796128091384283,0.4253836920282399,0.6755990052946255,0.42044625630507804,0.42688113875093026,0.5532214157967579,0.7445597524656355,0.6440680033821964,0.5497351176723813,0.664534854189157,0.5482139731855569,0.525585418834351,0.5121021217206173,0.5101898706866135
A85,0.5116768831823963,0.5207022289580534,0.4930637091385912,0.5051041898637236,0.5360284969793538,0.5828742623562037,0.42667127549061357,0.4080445130748065,0.5412702245998551,0.5144540273968706,0.5519723595427881,0.5988307890678097,0.5609368856321331,0.5440275024213803,0.4891790000982911,0.6059566956164069,0.5506359648522622,0.0,0.5095226068742165,0.5875663711386605,0.722505104631138,0.5219381726268052,0.5156993540070129,0.5453363317469928,0.6204316143216109,0.6126783926180664,0.6013185022358698,0.47432966657785514,0.5889049622716899,0.5731118004128084,0.46128258454696447,0.4261202841298882,0.6496737436797795,0.4795584276834839,0.46418186000437434,0.49054235439318705,0.4982731384900353,0.5505735015723714,0.5536065373256231,0.4126370985812524,0.711397972181729,0.71444770708714,0.6025948383400515,0.6465738499958793,0.5446631426881976,0.48273789634512,0.6697302984339888,0.5017441540955773,0.48231240527793795,0.47179969497844076,0.521406297248457,0.5198850273809621,0.4021036677388855,0.578676130999608,0.5078277596153804,0.5635052527351367,0.47676799911906675,0.461722805939098
A95,0.600460580788414,0.361911680844171,0.34795194916211347,0.4711567460801056,0.3094805748961412,0.6142097569804948,0.3986449229545108,0.478881037792513,0.5396223117858373,0.5542830047421,0.49061535398985545,0.4181029351038734,0.47722035320046086,0.5456754491773215,0.4273117521887395,0.39334748439042877,0.44874720665199697,0.5095226068742165,0.0,0.43054946652600634,0.4417185686019738,0.4508021777543666,0.4827642595900774,0.4248803021151244,0.4866538563562638,0.33929455947398457,0.4989067249985196,0.23388273168921647,0.507637625435316,0.47357067001707065,0.3708521710793218,0.4861557608368524,0.4596088777750692,0.5397480102567171,0.35648656217073593,0.5713665741687732,0.3718209902664057,0.4759871720879474,0.5838308377543728,0.4389791162848482,0.3974012532435852,0.5736215029995502,0.38514730881206827,0.3145420770297047,0.41025517649252075,0.28451358973177254,0.5892470062196763,0.4282751578306798,0.382844464148124,0.4097274540418743,0.5699921816352399,0.48306511865873514,0.437711322900884,0.6378895174348811,0.46017475233610894,0.2449439597288493,0.4370327182565481,0.4272764726286602
A7,0.545103273485972,0.46348630917310707,0.5179638347977126,0.4365906063237339,0.3136202255969197,0.5233223221283733,0.39463459521334787,0.478569088078449,0.5022147327540656,0.4069416207670806,0.43818283229080857,0.41801180284619965,0.3768611567357856,0.513644714357118,0.3410562725857812,0.4019735270290138,0.5414797822063462,0.5875663711386605,0.43054946652600634,0.0,0.5085813966023192,0.42479627025572675,0.43258542240319553,0.5116545844928395,0.412827796295946,0.4862740309041338,0.3846829804416083,0.42767632215561524,0.4632805503998372,0.4230204679501285,0.3991618528441211,0.570787344422045,0.34385749850896874,0.653859058654351,0.3874965932995216,0.4289506659494672,0.48605851000855016,0.5594724205809312,0.6140499773453656,0.5266203921300949,0.5328609145836651,0.4986369669929033,0.4414748961311311,0.501765217244331,0.4096924132682711,0.3914422452151374,0.42483314556452245,0.49414503059722137,0.5146228925142942,0.4580718990486661,0.473834927564583,0.35380367568410653,0.39348746120903977,0.4791143699077751,0.4099753223221624,0.46368245344284975,0.5580842433337291,0.4881285030314768
A12,0.49470410111129537,0.5008003799120173,0.4845702930692507,0.5765958504742081,0.49537471981887815,0.6839950660503828,0.6349359984628657,0.6247189346144304,0.5193135831721929,0.530301917924419,0.5738694339027713,0.3009610672077081,0.5463549271062013,0.39562480216066764,0.44955850471667813,0.4301768394607841,0.46171236564190277,0.722505104631138,0.4417185686019738,0.5085813966023192,0.0,0.3177674469592848,0.4497166370641469,0.461216176330397,0.5452134719985708,0.4324646326489252,0.5494356165249143,0.47148642927456397,0.5016448345066395,0.4790094011006023,0.4426349199141463,0.39688482707896733,0.3687456161312296,0.46903318980718944,0.4562481928316877,0.6525253422487671,0.36359360486941195,0.3231527650156577,0.49721087375407313,0.6250532221103577,0.42771927552613487,0.4165248522055446,0.41943101479054656,0.4006913487637378,0.5098902425833456,0.45598152187130503,0.6778772600528709,0.5327498079138067,0.4638344589932647,0.49007964642551094,0.6228576707442206,0.6118146938456559,0.5196670225213335,0.6886040579257975,0.5876518498542362,0.3573422605870228,0.5047508340811901,0.4685552970286643
A13,0.5253165100941837,0.49642068971909614,0.40507853097112345,0.4549848726420721,0.4402661619383965,0.6102858348328332,0.44317939157952535,0.5074835115966332,0.5027574447699383,0.5395988989804821,0.5302014333901985,0.34450767239536695,0.4814996928941726,0.4295936193584816,0.3267513212241524,0.5123199379710639,0.5026612642357882,0.5219381726268052,0.4508021777543666,0.42479627025572675,0.3177674469592848,0.0,0.4802420174974298,0.42582375443785314,0.40239687585097406,0.4353075440388373,0.4986718407765601,0.465804469847687,0.5636803112199722,0.4737093819675233,0.3983603898231285,0.3430117853144451,0.4819439149761102,0.4914043375205551,0.4101937039998932,0.6449369973519893,0.3525740271898199,0.40070635745253524,0.5319268370411669,0.4997672371171309,0.5184496014548324,0.39133166607150993,0.46211806675361367,0.44866100271987774,0.4997014935831493,0.4445682842377561,0.616183399552084,0.4778244099747482,0.5243493004775689,0.4335569662170059,0.5383709096423501,0.5158095875382509,0.42063504702884835,0.6117686923782627,0.38405535806804403,0.416395529433783,0.46823577345831235,0.40015722426943034
A31,0.5180408730688133,0.3881676625904771,0.4129131863616091,0.5469830969622029,0.39220066728172964,0.4153796947212698,0.39879186313711634,0.5407526559703126,0.37800736594081363,0.43523453706572335,0.43664687764973953,0.3403393112710783,0.4991339976581064,0.39806799299952544,0.38776670744823394,0.5488389938693606,0.6194880145177437,0.5156993540070129,0.4827642595900774,0.43258542240319553,0.4497166370641469,0.4802420174974298,0.0,0.4044278539025794,0.6956072330643848,0.4283035639945727,0.5173995686656248,0.3771915909195951,0.48807904699507776,0.4131381308420553,0.531423994559622,0.487271067999839,0.5262106515955589,0.4907450857597778,0.3784080589387909,0.4488273626562729,0.4283329046836718,0.4369087149621792,0.5059712880149922,0.42713895834848337,0.5349462382355583,0.49273143414766984,0.4757963309390698,0.47542721197472715,0.24627396630463783,0.3754706311512308,0.5235780482965977,0.5366212436352438,0.4923147260372148,0.35748294869628683,0.5451350947034533,0.38880122630482694,0.3293051431944187,0.5038137171013217,0.43199815612112447,0.42792280018631634,0.3192664708725774,0.3380552809472639
A50,0.5216425646139526,0.44221475994656534,0.4569593453881017,0.5240086110964763,0.42867670011746384,0.5464281951566623,0.3727531535178884,0.5290393012373742,0.3134529458313561,0.575276711202703,0.4877314865953858,0.4140918347973862,0.49922576586500955,0.46157503366431196,0.5336905266497668,0.4096409391872564,0.452031174602065,0.5453363317469928,0.4248803021151244,0.5116545844928395,0.461216176330397,0.42582375443785314,0.4044278539025794,0.0,0.592738689599122,0.4106804881563051,0.403372939229641,0.40841090403401736,0.4613635784752298,0.39354596334201597,0.4310272070301274,0.44404470928656137,0.4780600937988393,0.48904368569447276,0.39432440407336355,0.5726659000513277,0.2834130004412536,0.4869604943656738,0.697948650623825,0.45290178764054234,0.3344994865619185,0.29740768213048585,0.3952046977497319,0.42918361568958896,0.41103704310677225,0.403825227323793,0.5857735585413759,0.5941315893411505,0.4016339497105331,0.3989542508706715,0.6334092348072207,0.4734063217766069,0.4401123925233881,0.5884354762160398,0.45149170567631736,0.46330296948966554,0.5103414346100896,0.3529019043450605
A53,0.4679898286952755,0.6782641902398509,0.6064032738423001,0.4490534979485802,0.5627112706713608,0.8238260812594883,0.6046637231984202,0.6560870039579918,0.6731453565104919,0.6872506319078022,0.654941266677137,0.5291691314395707,0.5674503753997986,0.5491709882131484,0.5028181055746064,0.43629383977025793,0.5845703669954159,0.6204316143216109,0.4866538563562638,0.412827796295946,0.5452134719985708,0.40239687585097406,0.6956072330643848,0.592738689599122,0.0,0.5275859193934713,0.5898811018069637,0.5429282189461506,0.6064223052672442,0.634249614550727,0.45476550240631497,0.5424460583671564,0.36216874832017376,0.6701775441710407,0.6166616441746845,0.6159016435113851,0.5666415681036032,0.6227146391896848,0.578821139383912,0.5369228038441041,0.559085823008962,0.5557593606423117,0.5051824283332498,0.4912065918463798,0.6488538743029326,0.5310314796460547,0.666939401624324,0.5576455103870563,0.5967881358387688,0.678223183403059,0.5505533988162192,0.5773661039153577,0.6304477280310643,0.588800879752601,0.46888500962518764,0.5234098453769275,0.7217492956836415,0.6955588377267518
A96,0.5502066849605289,0.40615903151698907,0.35774236435678985,0.6172255797976196,0.2919426028804041,0.5406927710981869,0.3309220239917243,0.5555772534293033,0.47594297137324104,0.628151856364475,0.3741122138966122,0.36235493215420767,0.5481429072108313,0.476767770406217,0.5506117968813076,0.5211559242217357,0.4992837854393052,0.6126783926180664,0.33929455947398457,0.4862740309041338,0.4324646326489252,0.4353075440388373,0.4283035639945727,0.4106804881563051,0.5275859193934713,0.0,0.45185676707716793,0.31191932106413534,0.4143211806356749,0.4253942359281797,0.3967932418594987,0.42283271046900095,0.4036759703071333,0.5916221711264683,0.27766953530076577,0.5464325995741564,0.46426598020269627,0.5442873823181373,0.5627162159970334,0.4749450376814375,0.48452926399701757,0.5370928853152472,0.28205273604780745,0.33881331672544046,0.49459639867823446,0.3825126946229509,0.6208087013496865,0.5655963003098127,0.3513129407650226,0.4626667567834757,0.5648626531885585,0.49090206304060513,0.4611337553538345,0.6702828074498094,0.47038119080626073,0.4761602631854286,0.4169509728776072,0.4532390998210557
A22,0.5654812893258239,0.4944492565448694,0.5195382391939718,0.4479346408205741,0.48419380169701254,0.36983171927712144,0.3289507724159493,0.33444538801872536,0.4384537937912779,0.4529740667111867,0.3186083548133414,0.46522681056954696,0.3887135598138297,0.47957099835582173,0.49092648963909036,0.4723712227896253,0.4071930974244605,0.6013185022358698,0.4989067249985196,0.3846829804416083,0.5494356165249143,0.4986718407765601,0.5173995686656248,0.403372939229641,0.5898811018069637,0.45185676707716793,0.0,0.4008808342738749,0.344917433074451,0.31342547114633623,0.3304083546057499,0.5469875922865693,0.38694232553929,0.6008764650430345,0.5041383215748096,0.48886957235023276,0.3805863266841627,0.6732449545708992,0.6239923643528081,0.5382626935323676,0.4875649292853089,0.4714560045513335,0.44272730211555944,0.5372369123488097,0.4599014146522674,0.4722491657987491,0.5076882241142837,0.536077997698471,0.441782544849991,0.3962596786564583,0.590580321512252,0.45639184081307604,0.3877070680606117,0.4706781163891781,0.4522946180881102,0.5396427551978643,0.5324811179780067,0.48076622539105196
A44,0.5286154874181896,0.3801830832673191,0.36629251790957595,0.4407970983976033,0.2911343712037149,0.5274255894241016,0.3407796556808821,0.4572651423100136,0.4780231241937545,0.4576575271173462,0.4143573820520202,0.3218326034508363,0.3554887961469776,0.40926812294006065,0.46657507168628753,0.504745302998689,0.4450574040890103,0.47432966657785514,0.23388273168921647,0.42767632215561524,0.47148642927456397,0.465804469847687,0.3771915909195951,0.40841090403401736,0.5429282189461506,0.31191932106413534,0.4008808342738749,0.0,0.39549731878668626,0.3905354560933879,0.4088629417885532,0.45289275803581985,0.5338658770723506,0.4597464905688968,0.33438376525723046,0.4117676274987421,0.3328678437128091,0.444968805081991,0.5061842725723408,0.35528319941863706,0.5258912612962694,0.48450934044314287,0.32728754583324227,0.30520588732993126,0.3850818777609123,0.2841896734966244,0.44613112564662694,0.3727055114170601,0.3466426563049203,0.3197104635657032,0.48623920247460484,0.4442160283320862,0.32017223926143756,0.5777046787971755,0.4037401218367481,0.3658900980301748,0.4026840022411359,0.3479134003685156
A46,0.6281458900607293,0.34656583152418097,0.4567089503112677,0.6606390205698442,0.4454151706032867,0.4284631091078056,0.41159762100496255,0.467570038825046,0.41595765098718074,0.4193228902553774,0.34201691596340766,0.42227034636532124,0.48623648469586644,0.5082039282293557,0.4402980011506171,0.4352758524840947,0.3882736303112845,0.5889049622716899,0.507637625435316,0.4632805503998372,0.5016448345066395,0.5636803112199722,0.48807904699507776,0.4613635784752298,0.6064223052672442,0.4143211806356749,0.344917433074451,0.39549731878668626,0.0,0.28658474338956186,0.3955037184083299,0.5600797871792195,0.4506074428067447,0.5655980976295099,0.3743821932466568,0.4816635073302298,0.522461680920502,0.5331908750751568,0.46591193432130595,0.576991731611825,0.4815288349850434,0.561326310631372,0.36584612879310274,0.559845139410865,0.474580422377898,0.4010857566940902,0.5631798446725736,0.4626486166414844,0.26817577882842436,0.5363015667324724,0.6677528424136303,0.5617003883543782,0.44351711995338505,0.6034613880156431,0.4860440592428503,0.5206668661687549,0.49056664166776487,0.4320339294264651
A64,0.5450452325860442,0.3647875920292334,0.4463552067367189,0.5598781279749796,0.4281992479596535,0.2961984448497206,0.33487626158700123,0.43718093057421836,0.2853538241676492,0.3492698766811052,0.35172419792528353,0.3932807511844707,0.47831778323020757,0.5159915277668858,0.5056472793946118,0.4377669643901082,0.4763070125454205,0.5731118004128084,0.47357067001707065,0.4230204679501285,0.4790094011006023,0.4737093819675233,0.4131381308420553,0.39354596334201597,0.634249614550727,0.4253942359281797,0.31342547114633623,0.3905354560933879,0.28658474338956186,0.0,0.3286425552131269,0.5230884372038024,0.4390616977579104,0.5821628593347288,0.47506013098318645,0.5896558315394489,0.46247193604529246,0.46238078915993075,0.5494430356028939,0.5128326877259641,0.47225421250396726,0.5260191381470594,0.41453239944700837,0.4543806174131618,0.44257475309600325,0.4454598988027557,0.5068003971582904,0.4142111889843777,0.40372674684724363,0.38830002434949906,0.6136444087323617,0.46833558210405957,0.36651244595024335,0.5145228608351529,0.5122953426516921,0.5291780440054087,0.44018280913676444,0.3869853254782969
A99,0.492042181763346,0.4253644842915526,0.47154335265231306,0.4580380694126961,0.453352232306648,0.49153079450774817,0.38759405605780184,0.3293086997593059,0.4821874564029156,0.5652731577622112,0.3652111714003554,0.4191880713952457,0.5289624995840145,0.43898302797861455,0.5069068226619041,0.3727991537423896,0.5263509668230866,0.46128258454696447,0.3708521710793218,0.3991618528441211,0.4426349199141463,0.3983603898231285,0.531423994559622,0.4310272070301274,0.45476550240631497,0.3967932418594987,0.3304083546057499,0.4088629417885532,0.3955037184083299,0.3286425552131269,0.0,0.4245330823801098,0.31097211234855215,0.4759380036309082,0.4099874755500791,0.5748035359912387,0.40333893356418815,0.48912993995481013,0.6205688323777974,0.514779705408265,0.5008398685856628,0.547865270631251,0.39016488722958564,0.511575227311712,0.5157820635094064,0.3951278197669902,0.6342632631854909,0.5039386686706337,0.36540036987620006,0.39501113655890485,0.5029449981743697,0.3721473892192364,0.3726481322377001,0.6060648897980475,0.47360120279260265,0.42151733602064956,0.46501973271740316,0.4182548970269667
A17,0.4039231522007839,0.4948978625727507,0.41175081965690974,0.49309035461978823,0.47150869463532374,0.5537434111625767,0.42456409014750796,0.4711764115537178,0.4825301168651498,0.5815715048295411,0.5255959820743783,0.4141397375888185,0.530145920726746,0.3880786341070199,0.5249709789276182,0.5153910892487332,0.5306812073646572,0.4261202841298882,0.4861557608368524,0.570787344422045,0.39688482707896733,0.3430117853144451,0.487271067999839,0.44404470928656137,0.5424460583671564,0.42283271046900095,0.5469875922865693,0.45289275803581985,0.5600797871792195,0.5230884372038024,0.4245330823801098,0.0,0.519962397866325,0.30432273145182254,0.3868577792501685,0.6022547953853052,0.36348472719231983,0.4162729706228434,0.4058328638393468,0.4971949496213983,0.5688547369864277,0.49572302880069596,0.4320510526037862,0.434471298527366,0.5680692024038435,0.39003472963789176,0.5774659167572755,0.5034007637198354,0.5471536695779113,0.35214869687658046,0.532588946669007,0.49699894590383964,0.40197990542562945,0.48520945538200233,0.47764070099314926,0.4985908792034943,0.49245659300652345,0.37774635248799737
A21,0.4777352810150175,0.5852278525064563,0.594799088404149,0.4582341250411529,0.5098857019247771,0.6260676240660985,0.5401490449042088,0.6139964049248927,0.5898373611657874,0.5528564130997549,0.5477000479050262,0.43042916116671215,0.5961646731746868,0.4716639580570404,0.495788295020567,0.380324203463008,0.549882158225329,0.6496737436797795,0.4596088777750692,0.34385749850896874,0.3687456161312296,0.4819439149761102,0.5262106515955589,0.4780600937988393,0.36216874832017376,0.4036759703071333,0.38694232553929,0.5338658770723506,0.4506074428067447,0.4390616977579104,0.31097211234855215,0.519962397866325,0.0,0.6512163726589565,0.5068531774996594,0.47095591119494573,0.44327832187099436,0.4916056505687587,0.5549647524664504,0.6115047290258245,0.45591672470691635,0.5762355760670644,0.4319418199438584,0.46521368746715974,0.6169140323637134,0.5160257632229897,0.6911715123569533,0.5982314790493104,0.46829951183242013,0.5686479955442503,0.5513495706866933,0.4904158693217767,0.5266510689866066,0.5746199365733946,0.5768440905563335,0.4924404417917675,0.653789160805576,0.5684579268161645
A41,0.3473728434673796,0.5015726426027851,0.4183819862705489,0.46247880276148157,0.5249644739606266,0.6538545370891736,0.5321580380731041,0.4626100400195159,0.5770094850180136,0.6178080505958705,0.5835019972336267,0.47266485301207084,0.6018414232601873,0.3109912384237864,0.6238633700370247,0.5507965942290606,0.6226012868166905,0.4795584276834839,0.5397480102567171,0.653859058654351,0.46903318980718944,0.4914043375205551,0.4907450857597778,0.48904368569447276,0.6701775441710407,0.5916221711264683,0.6008764650430345,0.4597464905688968,0.5655980976295099,0.5821628593347288,0.4759380036309082,0.30432273145182254,0.6512163726589565,0.0,0.49450668169915035,0.5318769239368955,0.38830096604708164,0.44024369482579073,0.5254403168406618,0.5392344624566552,0.6080481570178575,0.5649488071113467,0.5736069430347785,0.584024447708522,0.573860232490964,0.36602823989938105,0.6118228763238154,0.5099944195343358,0.5490727874890604,0.34273383341438945,0.40896416293562543,0.5357562780012235,0.42400451626324764,0.5757398476790758,0.5256887485861635,0.5236518909002856,0.5178419565540416,0.4027695388197884
A72,0.5884005558658674,0.36431569065814384,0.36662836573213253,0.6455684261295178,0.21180462975164605,0.49266016152435343,0.3281923015228062,0.5050835544053518,0.4571449580978475,0.578282201237464,0.3771350775346646,0.3307727068836458,0.4725673110505283,0.5051130550711903,0.381244001536468,0.45828802194544505,0.4613171973893606,0.46418186000437434,0.35648656217073593,0.3874965932995216,0.4562481928316877,0.4101937039998932,0.3784080589387909,0.39432440407336355,0.6166616441746845,0.27766953530076577,0.5041383215748096,0.33438376525723046,0.3743821932466568,0.47506013098318645,0.4099874755500791,0.3868577792501685,0.5068531774996594,0.49450668169915035,0.0,0.5121726409798792,0.48482291453932636,0.398281384229756,0.5211867103510046,0.45923550316620587,0.5051965274754047,0.5455422725902059,0.3342492814954108,0.46849830695111494,0.4140195663787086,0.3066804299449858,0.5496091816420083,0.5403773014110731,0.3378804274773246,0.44704377697194175,0.5684693958052518,0.4295164254116197,0.4665383842004479,0.6453285825999246,0.43332383439494293,0.3949985281744508,0.36341048606066007,0.37660906809089245
A88,0.5209256791940636,0.5404358333389974,0.5304959454475704,0.4989878977804736,0.43784048285542365,0.6104848265453104,0.517719718068321,0.5403818479833944,0.6421376101640219,0.4652032061532215,0.5919012867155626,0.5493517235536547,0.49640637496462026,0.435796048186909,0.5569359349872064,0.6514007460749782,0.6028370752723702,0.49054235439318705,0.5713665741687732,0.4289506659494672,0.6525253422487671,0.6449369973519893,0.4488273626562729,0.5726659000513277,0.6159016435113851,0.5464325995741564,0.48886957235023276,0.4117676274987421,0.4816635073302298,0.5896558315394489,0.5748035359912387,0.6022547953853052,0.47095591119494573,0.5318769239368955,0.5121726409798792,0.0,0.4988404929887472,0.5490622250613013,0.5185509057927824,0.4492693634743943,0.6457040800163523,0.6594869724694121,0.5495680080280514,0.6044157891202658,0.5276054112318225,0.4715485269672365,0.5382314272506517,0.5869070943079897,0.48304017144629297,0.501545009603227,0.40112391611628695,0.4640705973890564,0.46193475390525807,0.5188181758154129,0.4581772398431351,0.5706370204902633,0.6049685703443707,0.5981682797389072
