,A4,A35,A58,A63,A89,A94,A36,A42,A47,A59,A75,A98,A40,A51,A57,A2,A28,A85,A95,A7,A12,A13,A31,A50,A53,A96,A22,A44,A46,A64,A99,A17,A21,A41,A72,A88,A92,A15,A16,A23,A70,A8,A20,A49,A71,A78,A87,A100,A55,A62,A68,A5,A24,A27,A48,A74,A77,A82
A4,0.0,0.4360186026851448,0.42518960177208864,0.4563047002325711,0.44020137812536375,0.6410687784137755,0.5101999275990048,0.5298957878734918,0.5154183293491176,0.5843474656955829,0.570935651862434,0.44397286587300455,0.5248027126413364,0.30674192342966977,0.5913083344609917,0.5279326673305471,0.5918501120862748,0.49502107527286643,0.5269920454580583,0.5237138830272499,0.340319507304773,0.49427703509906473,0.4958450057431629,0.5636039643407496,0.4157688377763429,0.5468282736884584,0.6019408863934085,0.5138342063009138,0.5808363553216682,0.5600359052490955,0.47535561079945376,0.3838102017487932,0.4319928791553508,0.34869424475218624,0.5076550711353902,0.5307330484812618,0.464569697443472,0.38867046759886437,0.5061908295368431,0.45841793626073435,0.5213470588150876,0.5331397208567693,0.4612919350698007,0.5487107356964869,0.4472530092162388,0.4745756194242058,0.4341651756273768,0.4417069893497395,0.5001148740612453,0.41147956058235946,0.2952970791230358,0.38105196798558205,0.5123823214651366,0.39202028023124547,0.48663136680078856,0.5319581613635956,0.4709450425893962,0.49125556989439656
A35,0.4360186026851448,0.0,0.26495605292562563,0.5467033253382949,0.2750005151002225,0.31665822839675606,0.2409120956514681,0.358860188418616,0.32961973776360276,0.33932071442483036,0.23702351356596552,0.3428200367042368,0.43155642884645884,0.44802305761219163,0.30482752465823193,0.3072642261239523,0.32601283026580397,0.4081671082731082,0.3300032860927833,0.31520628348996893,0.4302686446645414,0.4633925005256707,0.33961276548465336,0.3367700600881527,0.5013185349083313,0.43983797473835673,0.34202291698801723,0.34310374118716336,0.2469621239778791,0.24018445461497417,0.3720132911040691,0.4027021313957131,0.3937638933017973,0.4191279110603554,0.28360681630934215,0.3771570309047868,0.39018750591581153,0.37809389638396174,0.4493788942111049,0.4689804220060645,0.33464874628079677,0.4613631981965337,0.3910373794434058,0.4279389908866287,0.3090268146577536,0.288997851882255,0.43772200486156765,0.3081621935696077,0.30687616961280706,0.3251127655913444,0.4406832625218281,0.3251263189232336,0.29201759175373676,0.43564022648246026,0.3449885047123973,0.33562363163042774,0.34305696421504794,0.27126724687996506
A58,0.42518960177208864,0.26495605292562563,0.0,0.4370869190926122,0.2564160072547286,0.3891200863361395,0.3023809084605339,0.40124292300507647,0.3506379281792129,0.38821442253987837,0.3400315517610104,0.3805896926777841,0.2962759003364023,0.4549597418633806,0.22312564353566788,0.3655590288320344,0.39859848874054193,0.38374674184533697,0.3416559879448481,0.32825243345338107,0.40057603881914683,0.39719392164525424,0.3389736835925715,0.36352792063070594,0.5922161677604463,0.48029909173340035,0.3696521552201103,0.37985623728831175,0.35645872749253615,0.32335386311428493,0.51894750870742,0.44450208775085753,0.5075017011158938,0.43850406954370214,0.24646743301103158,0.3018426557599484,0.35677048072006445,0.36173756819464864,0.4052766069002882,0.43402799007075377,0.34099312825029837,0.5186078509059207,0.48152135450167366,0.4442022742844637,0.3137860603234842,0.3096692805268858,0.36447848736838695,0.32786467434816347,0.4841088476681539,0.30395773816226845,0.3215099113252464,0.44142397215738227,0.2911514236376671,0.4741633820007335,0.2608241491773172,0.3020287802340186,0.39608035047541956,0.31281698265595903
A63,0.4563047002325711,0.5467033253382949,0.4370869190926122,0.0,0.47681303537679054,0.598153072191528,0.4993931095887143,0.4054708867144379,0.5919931537347607,0.5754229430186741,0.5902984263998636,0.5790151192587911,0.44081073575842167,0.5466886342892265,0.47932711696266683,0.46468513792679833,0.6072732682770998,0.5304226852908389,0.4422967987266866,0.4765424231160188,0.4887001667281874,0.3440746410930615,0.5736553514392402,0.5399301754722405,0.5277921391492757,0.7486176689242381,0.4860257997963431,0.5288894567387179,0.6260824803059349,0.5133794092150503,0.4786408395034183,0.45546147227788514,0.5427063830303023,0.4248569436434977,0.4861241607785999,0.5015642015211461,0.3992446297085779,0.47698073656654727,0.4973937685567553,0.5548709366430011,0.4846146488902764,0.6400224808283952,0.5828395950024479,0.5272525180917305,0.5557748298878828,0.5311264754637067,0.41172878707015836,0.408477573388342,0.5777307561762624,0.4196733416192139,0.35719272613473496,0.49464156392700553,0.4556438606536445,0.37625962955099224,0.3898061982489067,0.3692245545898616,0.582783883210964,0.5458845539797306
A89,0.44020137812536375,0.2750005151002225,0.2564160072547286,0.47681303537679054,0.0,0.3771979404466952,0.22213046033445027,0.3454477015335293,0.3643332722041086,0.3023277033874616,0.3266758279548376,0.2591117037958186,0.28794123349413414,0.3518153260753668,0.27343839992720675,0.3501143314076326,0.3139460827041066,0.37944276332600857,0.2469311728428767,0.1639906831155712,0.4063389669384594,0.4406123351925809,0.3346240591344859,0.29172034190139373,0.5152345422787215,0.3435115520318385,0.3124531899693175,0.2385667440962851,0.36316612170038787,0.2919136579444297,0.48932302932962324,0.4028655381381363,0.3701791783813213,0.48106118984836266,0.17159674556767301,0.257058656949969,0.3329082486823728,0.3286417529518072,0.4057162640627222,0.43896333156858824,0.3521930415226756,0.43638186757859765,0.36422105230610935,0.30952319069411294,0.3396900295050761,0.2496178861877979,0.34040626460111967,0.33049979252769235,0.3761765351937386,0.28208473237014253,0.40939091764883195,0.34495771521722496,0.23133748984648017,0.4530395925631294,0.24439792064948906,0.2603985601980279,0.47330686979702874,0.2875429517061995
A94,0.6410687784137755,0.31665822839675606,0.3891200863361395,0.598153072191528,0.3771979404466952,0.0,0.2969688378177827,0.32785126042551216,0.305352102098957,0.40274599929398225,0.23708268434830537,0.449248535677215,0.4503403725585228,0.5678790838926386,0.3197587530788647,0.4161516450006537,0.37522099848186774,0.38959293315232546,0.45556307434975696,0.3757115088956985,0.5395736213713326,0.4727300603859572,0.3131036183002961,0.39129132953737034,0.599373911432229,0.5100514458651089,0.29085002053846243,0.4519534972214876,0.3015137600626704,0.23833382126288571,0.40880805392623576,0.438909855831386,0.4028723771220598,0.5315884656765288,0.2875434221312304,0.3545874868253063,0.475440446919145,0.42485692684974774,0.37995217879698706,0.47273140212826537,0.3819558639555508,0.5229923659353451,0.4425571196941003,0.532754110337224,0.3428183802653991,0.3627536143131689,0.46770512164353306,0.386467601253615,0.35934915945282353,0.417129571973762,0.6279714816856206,0.4036500216750557,0.37680722757520446,0.501756738319577,0.4011298281618966,0.37346907206057134,0.3607444721386931,0.3455979188106517
A36,0.5101999275990048,0.2409120956514681,0.3023809084605339,0.4993931095887143,0.22213046033445027,0.2969688378177827,0.0,0.24474921917246428,0.2814648106449734,0.34674979117771576,0.2462344197210503,0.26849788074457215,0.3654039560344091,0.4479453371161053,0.2838229699051139,0.364792802248292,0.27535026254511474,0.30652600999267143,0.2628230702038148,0.2516510593518456,0.4774999926191663,0.41778528352042865,0.34902149013986006,0.2607115343023001,0.45223191714178834,0.3562692766366321,0.21856473597399473,0.2698109563286848,0.27776484666271184,0.23572964470780344,0.3779329258221036,0.38285093661887504,0.37434911881893485,0.507747787368819,0.23855608140218476,0.35596474087878294,0.3357740189192082,0.4499768304098948,0.4225606458101643,0.41256253770985907,0.30443700236773585,0.41891970738520035,0.3420788039131053,0.35915928943108355,0.31826580606252586,0.27690750335334413,0.42894173327686,0.34499203684767943,0.2957837805694714,0.35781617316859426,0.5022403687909356,0.4464123807586201,0.25991298461451084,0.4392690418014651,0.2728707386491944,0.25682569992173543,0.4644831337352582,0.2887097055605622
A42,0.5298957878734918,0.358860188418616,0.40124292300507647,0.4054708867144379,0.3454477015335293,0.32785126042551216,0.24474921917246428,0.0,0.45331590662717025,0.38721380985299136,0.2586681044310224,0.4254803263286958,0.35949779965161144,0.4845469640077088,0.34863955189482976,0.36436284535944363,0.33295635207493224,0.2988852537492799,0.3517339886383398,0.3162155067781667,0.5162095222784318,0.42847623221380593,0.48084811850822773,0.3856335281710358,0.5332625280585953,0.56636550523214,0.22502835076500904,0.4208541162762939,0.3202504342218254,0.3589891495457175,0.27239819578612057,0.45240862461575293,0.44346622636432553,0.4110468660764949,0.3461255802013947,0.37738209630682373,0.39183474703968857,0.5352233063247425,0.4361137907962427,0.46480791355584605,0.40940271930335026,0.4985379557803078,0.3894809993010747,0.5387474045878915,0.42154902498900526,0.32694566960384597,0.4662778906813705,0.3706316475411353,0.3496277546627232,0.39676814205812894,0.5452325891922536,0.4817660840386052,0.30283999931239347,0.5069928637759089,0.32819055837869426,0.30646031601608226,0.5205064626029885,0.3021801577492871
A47,0.5154183293491176,0.32961973776360276,0.3506379281792129,0.5919931537347607,0.3643332722041086,0.305352102098957,0.2814648106449734,0.45331590662717025,0.0,0.3768355391688176,0.42727746103781583,0.33119561685169596,0.4258571832727901,0.5020917595530558,0.3616201654902259,0.31287484535699106,0.3396378643343376,0.3644707360789945,0.4120719366169402,0.383372024596791,0.4030389522341148,0.5063499359979214,0.3134206381107383,0.25330573551735547,0.5241915520196136,0.45957790703804624,0.36441907208017155,0.37201279455124214,0.3667911035916799,0.2552358281844166,0.4810868021243673,0.41967234302595613,0.47088879266721606,0.5399069306553661,0.33959606964721367,0.39789244714042016,0.37908237117052057,0.39194803820850976,0.504885206844564,0.4334132328702941,0.1999321461986805,0.31557568527461033,0.4221976810151178,0.4057427944321801,0.2825968885281266,0.3947300442299324,0.44186808353690077,0.40191978313315224,0.3988862144404338,0.40545589210101574,0.591043479108158,0.4475918020476396,0.4123597036026462,0.44772522656957603,0.3809279695999803,0.3072515605989218,0.389450759706809,0.36298541242368465
A59,0.5843474656955829,0.33932071442483036,0.38821442253987837,0.5754229430186741,0.3023277033874616,0.40274599929398225,0.34674979117771576,0.38721380985299136,0.3768355391688176,0.0,0.41555390488882615,0.26121246637182605,0.3238793118668035,0.3823825783751801,0.28039395061550176,0.4234791417820837,0.268214868705973,0.3543196314000199,0.4033480117893601,0.2592852181139439,0.42839272373368,0.4824506127626834,0.40915725473776454,0.37782564667384133,0.6402147326859351,0.5214573109435945,0.32388764768366873,0.3543263571169415,0.32746520531004975,0.2625953674528586,0.537945077929356,0.5394925706553748,0.46750987208248274,0.5838077547308516,0.38661369440129,0.3071858981251512,0.39968170578519147,0.38455822433713993,0.3796153198160529,0.5179164713870233,0.39338030447165184,0.4102484340034721,0.47048041799767626,0.44192831040564406,0.39131238332373175,0.37068570998626416,0.4148349148785727,0.39299913855750357,0.47380838324047414,0.40242931318999975,0.6075107380452818,0.6087017390167738,0.2324885398854778,0.5294119367400096,0.39811581753855085,0.3915085313825961,0.5872616056052196,0.2918511672901012
A75,0.570935651862434,0.23702351356596552,0.3400315517610104,0.5902984263998636,0.3266758279548376,0.23708268434830537,0.2462344197210503,0.2586681044310224,0.42727746103781583,0.41555390488882615,0.0,0.386989919927326,0.4089070362499416,0.5381445567726937,0.2491455504170853,0.3347972784860336,0.30322232310641273,0.3629121103945657,0.3869169784826204,0.2996283020434839,0.49591198060008057,0.4743220288911353,0.3504017056797135,0.3706245009792569,0.5199448893416714,0.3844309183001695,0.20223023543845753,0.3691769978153713,0.2202563274255892,0.2728118681151239,0.3418723807571712,0.4833348295616382,0.363552278941368,0.49892999824693807,0.25105200378723314,0.34027147878860786,0.43132730932940355,0.5215836001641608,0.42637302833842483,0.44171721633727434,0.4006150144609122,0.5259813428854414,0.3463425454203931,0.5292333381424652,0.3310274289881451,0.2373175367295003,0.5384317185662979,0.4051408340201388,0.2607078897624001,0.4533425950211727,0.5679219303892915,0.4299151577367162,0.2785567322715692,0.5819516958664877,0.330512342399773,0.36227115390807785,0.4281269415153339,0.3031649642023424
A98,0.44397286587300455,0.3428200367042368,0.3805896926777841,0.5790151192587911,0.2591117037958186,0.449248535677215,0.26849788074457215,0.4254803263286958,0.33119561685169596,0.26121246637182605,0.386989919927326,0.0,0.2585667040940881,0.25548536667583077,0.28786773314121417,0.35360130258077493,0.25743300098608835,0.4446406298462774,0.32804695868471534,0.2929181877300099,0.2765386503330717,0.4561995665831492,0.34824136463487976,0.2829220786119795,0.41386102276157444,0.28262991522250636,0.35880704117970974,0.2475741507646163,0.35233141574760374,0.30204549263815084,0.49177798178087917,0.43144137151402473,0.3126470631496657,0.5641677925960219,0.3246051826734718,0.36998015769175696,0.41331416759216744,0.33527206018917666,0.3829987615282059,0.40861961166320937,0.346773313720548,0.2818207951980517,0.3535029457005332,0.2625574226726515,0.33047705225874,0.31472773049565184,0.416583604397181,0.40061191054768686,0.42115549860433477,0.415437108563397,0.5653600319402952,0.4848392696292685,0.3030522247803873,0.47204792561690745,0.2889864289280205,0.30546551105455066,0.5511203505338171,0.27890949990767167
A40,0.5248027126413364,0.43155642884645884,0.2962759003364023,0.44081073575842167,0.28794123349413414,0.4503403725585228,0.3654039560344091,0.35949779965161144,0.4258571832727901,0.3238793118668035,0.4089070362499416,0.2585667040940881,0.0,0.39091679404321067,0.2679482550966412,0.35847807804357035,0.29596910932135734,0.44105695125441946,0.32415585210743103,0.23995966516374867,0.37839027257120517,0.40730608156858117,0.46179043026830513,0.3470811232062674,0.5371157585586188,0.42320455239289667,0.3065621372412337,0.29683752275398734,0.43472394794854374,0.37165493663003757,0.5711309656571375,0.3973922063065174,0.4332660555887079,0.5802053001702263,0.29741267154267614,0.2814774945972165,0.34571122260687703,0.41902107424574686,0.36943332584477195,0.3124999097104153,0.4457295748465505,0.36435070484905996,0.3393480990247476,0.2970837544771229,0.36193333153425766,0.402910948527641,0.37904933170876043,0.3447882525753634,0.5610971301543769,0.3377758164306278,0.5009430770513492,0.5158014196996521,0.2918212948649085,0.4980732739533804,0.26813576584913756,0.33385799609106714,0.6101737900893245,0.2920177901468466
A51,0.30674192342966977,0.44802305761219163,0.4549597418633806,0.5466886342892265,0.3518153260753668,0.5678790838926386,0.4479453371161053,0.4845469640077088,0.5020917595530558,0.3823825783751801,0.5381445567726937,0.25548536667583077,0.39091679404321067,0.0,0.4848866014547424,0.5321893207513685,0.4122451086265779,0.519906805373916,0.3953019814213764,0.3803003191245079,0.31297661319283887,0.4861661302072825,0.44262461420082055,0.43954238661179934,0.41242606734510534,0.38233115654299366,0.48954279710170234,0.37872591741627226,0.5232075141925318,0.5000238854075107,0.476745683346979,0.42102999087428294,0.3533841960438565,0.49959898661913293,0.46414266813844507,0.37527398006887625,0.4218035691557167,0.4174987489877813,0.4190863077862059,0.491218570644013,0.4887324085037662,0.44434076807454936,0.3837353130934583,0.4708070425848455,0.3971785879570523,0.35282399189711844,0.4803776119285329,0.5260875798384034,0.5494600690656507,0.4203392160891337,0.43149338600803955,0.4808627063671683,0.3788608673051739,0.5157983409960236,0.36281712264088084,0.4635658096651841,0.5707763331106093,0.4498943715976109
A57,0.5913083344609917,0.30482752465823193,0.22312564353566788,0.47932711696266683,0.27343839992720675,0.3197587530788647,0.2838229699051139,0.34863955189482976,0.3616201654902259,0.28039395061550176,0.2491455504170853,0.28786773314121417,0.2679482550966412,0.4848866014547424,0.0,0.29108692763816857,0.28419196026442584,0.30395759219090046,0.3788376024491845,0.2232761339424001,0.3573843239186011,0.3655903381129709,0.3368442339764234,0.3292534684151387,0.5126568842322006,0.4951036603769906,0.26938928076291624,0.37224117385731803,0.29784692104217836,0.2649106292834007,0.5168028978317342,0.4590593929490995,0.4294076784597123,0.5384468754029463,0.26952301663891454,0.33475538275575456,0.3120746117168425,0.37712201432139203,0.3609876297855694,0.4700611317699762,0.30382074359854205,0.4326056509199757,0.47127371937254703,0.43604074342176347,0.30453275312570427,0.2767518090675767,0.4230671949587316,0.32029287896503567,0.4328693485873131,0.3988159469463458,0.5203055299736166,0.5016216424264466,0.2589659857432104,0.5402068026113148,0.24057934086291988,0.2384070961335738,0.4976565182389765,0.2523505771953829
A2,0.5279326673305471,0.3072642261239523,0.3655590288320344,0.46468513792679833,0.3501143314076326,0.4161516450006537,0.364792802248292,0.36436284535944363,0.31287484535699106,0.4234791417820837,0.3347972784860336,0.35360130258077493,0.35847807804357035,0.5321893207513685,0.29108692763816857,0.0,0.32490815467600187,0.3906797842927421,0.3477026177758591,0.3152904380732324,0.352735174144741,0.5032643758598283,0.4924873628622659,0.28918989705877785,0.4327428621877585,0.530621597355335,0.29517266894788485,0.41623062799194743,0.2882613170664361,0.28708087171592367,0.37566462488685914,0.4366490420479988,0.34779209367149266,0.465381644066311,0.33987590496372544,0.44605374406097476,0.3621910514403568,0.45959322543211656,0.4982099562578516,0.5530147697508272,0.22215567897691402,0.3437830368183281,0.42937923422230884,0.39938881508517343,0.4271826524264798,0.2709513351937425,0.4883365324310487,0.3812317177523391,0.3763897676961797,0.46644829670915566,0.6027472643067453,0.43144485302820135,0.36467714318313904,0.4729951510303818,0.34261935647991915,0.2197126740398596,0.4725794737860691,0.2739405977789754
A28,0.5918501120862748,0.32601283026580397,0.39859848874054193,0.6072732682770998,0.3139460827041066,0.37522099848186774,0.27535026254511474,0.33295635207493224,0.3396378643343376,0.268214868705973,0.30322232310641273,0.25743300098608835,0.29596910932135734,0.4122451086265779,0.28419196026442584,0.32490815467600187,0.0,0.3578109970423671,0.3222304421418023,0.300646076607782,0.39585764894478614,0.4999094663251775,0.4825132512537583,0.2830553130407065,0.4660192289842757,0.40637888187569393,0.23798484380497253,0.3040200495762443,0.28238865937873203,0.2882887261905842,0.4762743761320589,0.4379254452701755,0.3875374161567702,0.5967822917935846,0.34690676935379916,0.3914127081130766,0.37216302745299146,0.453748445542969,0.35181991629335374,0.4815781171751453,0.3537242386360163,0.3447948527447052,0.36420331763477065,0.40684262411715943,0.42380682312500173,0.3109537042137779,0.5098297382559822,0.34153769577473614,0.3926507854790374,0.4140304964831324,0.6852017216980728,0.5725876517258434,0.28847361114969916,0.5352720133130245,0.30191833911654686,0.3154544208389728,0.5452388300794124,0.32090931906608755
A85,0.49502107527286643,0.4081671082731082,0.38374674184533697,0.5304226852908389,0.37944276332600857,0.38959293315232546,0.30652600999267143,0.2988852537492799,0.3644707360789945,0.3543196314000199,0.3629121103945657,0.4446406298462774,0.44105695125441946,0.519906805373916,0.30395759219090046,0.3906797842927421,0.3578109970423671,0.0,0.44458821138492743,0.3561837787150829,0.5069275608298929,0.4782265319699014,0.42830107010165697,0.40058575370265836,0.5459422298978629,0.5901967470800177,0.34777565427597346,0.42984543730567837,0.4037878664039707,0.354065103199801,0.3839954730119044,0.452393356253726,0.5317794957728464,0.4771670812108454,0.3703858284484455,0.38305108812117283,0.34116413089709685,0.4161333048677248,0.4269455026945522,0.4528174521536118,0.4722378068779375,0.5175041857450882,0.5455292058414346,0.5385877334977696,0.385573260736609,0.34812998247123883,0.49195927748552426,0.3869138950994332,0.38495995925064774,0.4386770818792721,0.5200598794265567,0.5119839334592299,0.3517188977487917,0.5799241168578296,0.4218144043744204,0.3490109852748535,0.43800206400218666,0.31192330942754787
A95,0.5269920454580583,0.3300032860927833,0.3416559879448481,0.4422967987266866,0.2469311728428767,0.45556307434975696,0.2628230702038148,0.3517339886383398,0.4120719366169402,0.4033480117893601,0.3869169784826204,0.32804695868471534,0.32415585210743103,0.3953019814213764,0.3788376024491845,0.3477026177758591,0.3222304421418023,0.44458821138492743,0.0,0.2456461211010702,0.4217770155662838,0.46206720879997054,0.4325402162956403,0.2974967508331756,0.38643132859474916,0.30537562680401553,0.33371848622462963,0.20389827972842622,0.443459688442575,0.3571433591979164,0.3960991795307449,0.41536240949092473,0.331238686829739,0.6002340190450769,0.3064306366022814,0.3678137282559224,0.33595203836550147,0.48501134736977436,0.4458148285520884,0.38766124269281754,0.3197035271529578,0.4507677375947857,0.2972969355699481,0.24347586021599177,0.32002068448627097,0.268199317564108,0.5036879701515977,0.36141652657649215,0.443333779611079,0.3931906724044867,0.5283048832038568,0.4568149927324626,0.3267546467864909,0.5385003035502856,0.29523995607807807,0.21656564982695414,0.5174383203293684,0.3840399479002562
A7,0.5237138830272499,0.31520628348996893,0.32825243345338107,0.4765424231160188,0.1639906831155712,0.3757115088956985,0.2516510593518456,0.3162155067781667,0.383372024596791,0.2592852181139439,0.2996283020434839,0.2929181877300099,0.23995966516374867,0.3803003191245079,0.2232761339424001,0.3152904380732324,0.300646076607782,0.3561837787150829,0.2456461211010702,0.0,0.39839371173681193,0.3876503528605698,0.36648116203569814,0.2934621340243181,0.473650241810071,0.39254003071131893,0.23866465127095382,0.28021296230421544,0.36969628357957796,0.28024655344761495,0.42836983067387147,0.42798156791289255,0.3100104887016546,0.5932788170997492,0.21396750795345254,0.23374330392531795,0.3122039235639379,0.398111930155741,0.43441550578242283,0.44171651725297745,0.34427290524174214,0.4256437546531565,0.36933011962655116,0.33695579153529764,0.3105505260726775,0.27971160186790056,0.42886143187428605,0.3472011283484727,0.4647434398500315,0.327899836137591,0.4890671586595787,0.4209444811684301,0.2087955433401728,0.5523641585913124,0.23871784630431636,0.28863853629089375,0.5436287496651653,0.27410690462740395
A12,0.340319507304773,0.4302686446645414,0.40057603881914683,0.4887001667281874,0.4063389669384594,0.5395736213713326,0.4774999926191663,0.5162095222784318,0.4030389522341148,0.42839272373368,0.49591198060008057,0.2765386503330717,0.37839027257120517,0.31297661319283887,0.3573843239186011,0.352735174144741,0.39585764894478614,0.5069275608298929,0.4217770155662838,0.39839371173681193,0.0,0.3679415996251565,0.4012942981504286,0.41165868628402436,0.4379790760367781,0.47401890611893216,0.4565829338264349,0.41504310631048336,0.45974528417281046,0.39567759569450645,0.4952232723193073,0.32855520941920857,0.3560181828437743,0.47113009506300796,0.42324940868824446,0.4682421234338685,0.28813331394008734,0.33402024855214363,0.41114279058860526,0.4870081206754693,0.37988965947029585,0.3116296860772516,0.42704207812613737,0.368725629520434,0.36525828392424065,0.41625953996544396,0.49829449961772254,0.4014631406203478,0.4797930297569106,0.3807115803436535,0.44537836531653163,0.4721002080120369,0.3603976291846088,0.4478869609610482,0.38301931845861215,0.28692679584902003,0.47320420387245443,0.390073173392377
A13,0.49427703509906473,0.4633925005256707,0.39719392164525424,0.3440746410930615,0.4406123351925809,0.4727300603859572,0.41778528352042865,0.42847623221380593,0.5063499359979214,0.4824506127626834,0.4743220288911353,0.4561995665831492,0.40730608156858117,0.4861661302072825,0.3655903381129709,0.5032643758598283,0.4999094663251775,0.4782265319699014,0.46206720879997054,0.3876503528605698,0.3679415996251565,0.0,0.4384351770947318,0.45706610652238255,0.4726833145544749,0.5918865284427823,0.45459561670879545,0.5136174787945562,0.5747911726694485,0.43551112552033766,0.4973886082893846,0.33082895395834677,0.4983532252492675,0.5025423581098372,0.3839801489002307,0.4498513831080089,0.3490648897160116,0.3652131162925569,0.4267278063378006,0.3809898713435923,0.4986230067069142,0.46378904471302185,0.485233443888307,0.45445525542151,0.43411617109849865,0.4948553223698595,0.5313655548092011,0.409404263221276,0.5463811936486687,0.35558700694695833,0.40959009176928085,0.4572831241772002,0.32808025642231065,0.4969641787127953,0.3111833732006102,0.39880053458126086,0.45619185959249453,0.4193456646525303
A31,0.4958450057431629,0.33961276548465336,0.3389736835925715,0.5736553514392402,0.3346240591344859,0.3131036183002961,0.34902149013986006,0.48084811850822773,0.3134206381107383,0.40915725473776454,0.3504017056797135,0.34824136463487976,0.46179043026830513,0.44262461420082055,0.3368442339764234,0.4924873628622659,0.4825132512537583,0.42830107010165697,0.4325402162956403,0.36648116203569814,0.4012942981504286,0.4384351770947318,0.0,0.3704451919816901,0.5746917619664613,0.4719400727442591,0.42819925941047154,0.3608361370815657,0.4249848028141161,0.3358204919751915,0.5086926906019356,0.48941507041161947,0.4681486587239231,0.5016296287462222,0.3053409517446285,0.3444312695442652,0.42596661529606206,0.3498605965441438,0.4149001294003266,0.3909571242436909,0.40336384326492325,0.43427191127502207,0.48911755070415297,0.4363391309300775,0.17456699624395366,0.3515460575243835,0.49479784870339616,0.4127602845113587,0.45025275669787623,0.3949176367492395,0.4950793805178052,0.37412444573715564,0.3331917103183669,0.4859530656319123,0.36489539399374227,0.33423436410243623,0.27877406605609334,0.3089587774485206
A50,0.5636039643407496,0.3367700600881527,0.36352792063070594,0.5399301754722405,0.29172034190139373,0.39129132953737034,0.2607115343023001,0.3856335281710358,0.25330573551735547,0.37782564667384133,0.3706245009792569,0.2829220786119795,0.3470811232062674,0.43954238661179934,0.3292534684151387,0.28918989705877785,0.2830553130407065,0.40058575370265836,0.2974967508331756,0.2934621340243181,0.41165868628402436,0.45706610652238255,0.3704451919816901,0.0,0.5249994767882047,0.40125836508214074,0.2533947168823395,0.35149260817445693,0.3534017482365758,0.2755361483875962,0.4936540322982236,0.4414333132786714,0.3803489356555685,0.5494146070007301,0.3350742442660407,0.3483124493987425,0.2586423708614447,0.4224405505778486,0.504317434663284,0.4859967147681582,0.23291200768900922,0.24498220804557536,0.38566230614896724,0.26357750351695286,0.33996259532605566,0.336394195090593,0.5143405710918616,0.42750801556894225,0.4094533921916359,0.34246217552368785,0.6370336115275799,0.45161562303397174,0.2756174726840315,0.500130985951194,0.2850983899919882,0.26120205841489175,0.5172141965174689,0.23788075980120293
A53,0.4157688377763429,0.5013185349083313,0.5922161677604463,0.5277921391492757,0.5152345422787215,0.599373911432229,0.45223191714178834,0.5332625280585953,0.5241915520196136,0.6402147326859351,0.5199448893416714,0.41386102276157444,0.5371157585586188,0.41242606734510534,0.5126568842322006,0.4327428621877585,0.4660192289842757,0.5459422298978629,0.38643132859474916,0.473650241810071,0.4379790760367781,0.4726833145544749,0.5746917619664613,0.5249994767882047,0.0,0.4118829649125838,0.5296722840190591,0.37750114128063117,0.5040737916785399,0.5134045779730418,0.42846271466298536,0.44017288347848005,0.3343607907515347,0.65351804499836,0.559408910834615,0.5952589169387665,0.528326863670342,0.5963238535230629,0.5113022146026434,0.4480583250260678,0.4388011667895738,0.44284090827944234,0.3276988324283152,0.44674225475871465,0.4720509074721647,0.39042213383723845,0.5831158416797559,0.48052387817928144,0.4950533766072863,0.6594755303834132,0.5905897116173078,0.5254050779615185,0.5915211250360796,0.480007022443968,0.4138743011291177,0.4458068282989306,0.580339689220884,0.6102533922679829
A96,0.5468282736884584,0.43983797473835673,0.48029909173340035,0.7486176689242381,0.3435115520318385,0.5100514458651089,0.3562692766366321,0.56636550523214,0.45957790703804624,0.5214573109435945,0.3844309183001695,0.28262991522250636,0.42320455239289667,0.38233115654299366,0.4951036603769906,0.530621597355335,0.40637888187569393,0.5901967470800177,0.30537562680401553,0.39254003071131893,0.47401890611893216,0.5918865284427823,0.4719400727442591,0.40125836508214074,0.4118829649125838,0.0,0.44383510793580905,0.2863037565572314,0.45379697229660765,0.4520976575313871,0.524641196266612,0.46417370969947414,0.2641550434137795,0.7853084405201618,0.37255037433495697,0.4078740483241238,0.5377309814081026,0.6047547960356289,0.4950947352583225,0.4020271014528338,0.4771864365187394,0.4562400134696082,0.21994460503821966,0.33167495968493077,0.44608039219527185,0.39609835277641225,0.6510173630436612,0.54960945167467,0.44797874889897027,0.5598901822747032,0.6562403135412561,0.506618877889109,0.45482170277691436,0.6697762060009109,0.4130401920512974,0.5016195153020969,0.6097202826744073,0.5182563703366119
A22,0.6019408863934085,0.34202291698801723,0.3696521552201103,0.4860257997963431,0.3124531899693175,0.29085002053846243,0.21856473597399473,0.22502835076500904,0.36441907208017155,0.32388764768366873,0.20223023543845753,0.35880704117970974,0.3065621372412337,0.48954279710170234,0.26938928076291624,0.29517266894788485,0.23798484380497253,0.34777565427597346,0.33371848622462963,0.23866465127095382,0.4565829338264349,0.45459561670879545,0.42819925941047154,0.2533947168823395,0.5296722840190591,0.44383510793580905,0.0,0.3262690921997583,0.21950157340253584,0.22861082863612736,0.3551785439049251,0.462309715840756,0.33410402388985594,0.5502101610906753,0.3074944934843977,0.30533188643228126,0.2772938295403099,0.5291453795579413,0.42050297469645626,0.47489280090148633,0.31802626154486746,0.38677654617661295,0.36379674429556585,0.3924878672378983,0.370124337751476,0.29377850100848435,0.4645730298636165,0.384525328064122,0.3340759876948882,0.37210751027543565,0.610912067010702,0.49253489445867926,0.2584604039353733,0.5017810403133061,0.3189212024709761,0.29580834953565815,0.5351162461212217,0.2786138571427542
A44,0.5138342063009138,0.34310374118716336,0.37985623728831175,0.5288894567387179,0.2385667440962851,0.4519534972214876,0.2698109563286848,0.4208541162762939,0.37201279455124214,0.3543263571169415,0.3691769978153713,0.2475741507646163,0.29683752275398734,0.37872591741627226,0.37224117385731803,0.41623062799194743,0.3040200495762443,0.42984543730567837,0.20389827972842622,0.28021296230421544,0.41504310631048336,0.5136174787945562,0.3608361370815657,0.35149260817445693,0.37750114128063117,0.2863037565572314,0.3262690921997583,0.0,0.36368109432629236,0.31877282636699245,0.48691976048520513,0.44416289445544654,0.385334714888139,0.6253777997566045,0.30052720883776196,0.29791191387124527,0.33641542910093036,0.42198154338516924,0.4035857120041825,0.3059193801529506,0.39396716546246535,0.4114068523175689,0.2995136410364133,0.2633852866816041,0.3189462235961463,0.27276005168667805,0.4184794656851022,0.3302010537140031,0.3714482783520443,0.39154807192521535,0.5140530303791648,0.4978072692594434,0.30413862396390456,0.5371876821173097,0.3641689932612485,0.2921153271090038,0.5021936202910822,0.36891399520065626
A46,0.5808363553216682,0.2469621239778791,0.35645872749253615,0.6260824803059349,0.36316612170038787,0.3015137600626704,0.27776484666271184,0.3202504342218254,0.3667911035916799,0.32746520531004975,0.2202563274255892,0.35233141574760374,0.43472394794854374,0.5232075141925318,0.29784692104217836,0.2882613170664361,0.28238865937873203,0.4037878664039707,0.443459688442575,0.36969628357957796,0.45974528417281046,0.5747911726694485,0.4249848028141161,0.3534017482365758,0.5040737916785399,0.45379697229660765,0.21950157340253584,0.36368109432629236,0.0,0.2029092210448168,0.37642277094095844,0.5170945055443037,0.36232108724490975,0.49978479406110754,0.31702786529563187,0.3552471675871819,0.4347987330434244,0.47145480819153474,0.3896025376591621,0.5184655214964184,0.3450800335590385,0.4343341870828704,0.37724204574977493,0.502477956389382,0.4240234283327933,0.2946514966586299,0.4857267060546785,0.35835363819032306,0.2254015376043087,0.5113306962247981,0.6243285425639704,0.5281592326158877,0.33963503068161627,0.49108447817424006,0.3851049266232859,0.368773796932391,0.5027377308427755,0.27694124799835773
A64,0.5600359052490955,0.24018445461497417,0.32335386311428493,0.5133794092150503,0.2919136579444297,0.23833382126288571,0.23572964470780344,0.3589891495457175,0.2552358281844166,0.2625953674528586,0.2728118681151239,0.30204549263815084,0.37165493663003757,0.5000238854075107,0.2649106292834007,0.28708087171592367,0.2882887261905842,0.354065103199801,0.3571433591979164,0.28024655344761495,0.39567759569450645,0.43551112552033766,0.3358204919751915,0.2755361483875962,0.5134045779730418,0.4520976575313871,0.22861082863612736,0.31877282636699245,0.2029092210448168,0.0,0.37395251641156657,0.47428241667768223,0.3419834319461694,0.550262755390124,0.31377029056157146,0.32128940102478964,0.32287923537692564,0.31464292760633417,0.3899308521661875,0.46404400207980057,0.3152831432966191,0.39356527860694634,0.39683406097142715,0.357978870530814,0.35443211527326735,0.33531199519854227,0.4345344667519654,0.27072723581043434,0.31260421927355087,0.3777010338904865,0.5472774149557578,0.44079452337479097,0.2690087511876905,0.47653937519969514,0.3670833571752199,0.28423224951882353,0.43546493679570697,0.2555769770590629
A99,0.47535561079945376,0.3720132911040691,0.51894750870742,0.4786408395034183,0.48932302932962324,0.40880805392623576,0.3779329258221036,0.27239819578612057,0.4810868021243673,0.537945077929356,0.3418723807571712,0.49177798178087917,0.5711309656571375,0.476745683346979,0.5168028978317342,0.37566462488685914,0.4762743761320589,0.3839954730119044,0.3960991795307449,0.42836983067387147,0.4952232723193073,0.4973886082893846,0.5086926906019356,0.4936540322982236,0.42846271466298536,0.524641196266612,0.3551785439049251,0.48691976048520513,0.37642277094095844,0.37395251641156657,0.0,0.49200279950715886,0.31022146845909027,0.48325154210632115,0.4237592762314024,0.5266905250524947,0.48077996141734536,0.5279639402737948,0.5987856607332338,0.5408871959274881,0.49522939464325466,0.5428789964815952,0.40799784570921294,0.6314697741828241,0.44956255680997625,0.3481355592334108,0.566966254625151,0.4773403493559445,0.3243405178821188,0.5230388073606824,0.5208852327057265,0.3727458305525311,0.4607066252513984,0.5704110215438767,0.4955002787007964,0.44568818608018346,0.4562241977092907,0.43177766542705287
A17,0.3838102017487932,0.4027021313957131,0.44450208775085753,0.45546147227788514,0.4028655381381363,0.438909855831386,0.38285093661887504,0.45240862461575293,0.41967234302595613,0.5394925706553748,0.4833348295616382,0.43144137151402473,0.3973922063065174,0.42102999087428294,0.4590593929490995,0.4366490420479988,0.4379254452701755,0.452393356253726,0.41536240949092473,0.42798156791289255,0.32855520941920857,0.33082895395834677,0.48941507041161947,0.4414333132786714,0.44017288347848005,0.46417370969947414,0.462309715840756,0.44416289445544654,0.5170945055443037,0.47428241667768223,0.49200279950715886,0.0,0.42034487422350975,0.3902399895873173,0.3497165873163516,0.4313917855252324,0.2830798339030963,0.38659833131299604,0.3094723981004528,0.38518971445832306,0.4886451101520737,0.4267742875226048,0.36365870313590287,0.3652079904538259,0.48471481609548595,0.4483629849284455,0.4763595714082932,0.38853511862918055,0.49334436080000654,0.2944622675111571,0.4363137915638755,0.4005857860546681,0.3619302649913452,0.33416792483696134,0.348635251722309,0.3856556669609472,0.4568642695440226,0.4127193466481631
A21,0.4319928791553508,0.3937638933017973,0.5075017011158938,0.5427063830303023,0.3701791783813213,0.4028723771220598,0.37434911881893485,0.44346622636432553,0.47088879266721606,0.46750987208248274,0.363552278941368,0.3126470631496657,0.4332660555887079,0.3533841960438565,0.4294076784597123,0.34779209367149266,0.3875374161567702,0.5317794957728464,0.331238686829739,0.3100104887016546,0.3560181828437743,0.4983532252492675,0.4681486587239231,0.3803489356555685,0.3343607907515347,0.2641550434137795,0.33410402388985594,0.385334714888139,0.36232108724490975,0.3419834319461694,0.31022146845909027,0.42034487422350975,0.0,0.6394820566149447,0.37851055387809496,0.394668515079832,0.42903522444832776,0.4558878754175961,0.4432503186297926,0.4713841818812905,0.39541842918196135,0.4371788559599765,0.2689718776851109,0.39633067472674965,0.47598561345223545,0.36412572707863,0.607123515871258,0.47750956364445174,0.3573087455784344,0.5096544562676533,0.6091722682435334,0.3725330074324733,0.4035625190052631,0.5388795720982252,0.41626629512836955,0.4379859837674286,0.584074190642135,0.4032318393110538
A41,0.34869424475218624,0.4191279110603554,0.43850406954370214,0.4248569436434977,0.48106118984836266,0.5315884656765288,0.507747787368819,0.4110468660764949,0.5399069306553661,0.5838077547308516,0.49892999824693807,0.5641677925960219,0.5802053001702263,0.49959898661913293,0.5384468754029463,0.465381644066311,0.5967822917935846,0.4771670812108454,0.6002340190450769,0.5932788170997492,0.47113009506300796,0.5025423581098372,0.5016296287462222,0.5494146070007301,0.65351804499836,0.7853084405201618,0.5502101610906753,0.6253777997566045,0.49978479406110754,0.550262755390124,0.48325154210632115,0.3902399895873173,0.6394820566149447,0.0,0.4495667306424602,0.5368687693993426,0.4559653151329548,0.43474976106148144,0.5026427093964299,0.5934365006536391,0.5564237926056277,0.5825370338535073,0.6395089209472584,0.6786897561950216,0.5414448780477219,0.3904947074343127,0.4599329193297097,0.4733371318959573,0.42434209308590554,0.40495621886263633,0.3923113064680047,0.44305159153297824,0.4387593872480341,0.4078795419516791,0.4878857691811149,0.4590478856787581,0.4474248927019615,0.4053758985618451
A72,0.5076550711353902,0.28360681630934215,0.24646743301103158,0.4861241607785999,0.17159674556767301,0.2875434221312304,0.23855608140218476,0.3461255802013947,0.33959606964721367,0.38661369440129,0.25105200378723314,0.3246051826734718,0.29741267154267614,0.46414266813844507,0.26952301663891454,0.33987590496372544,0.34690676935379916,0.3703858284484455,0.3064306366022814,0.21396750795345254,0.42324940868824446,0.3839801489002307,0.3053409517446285,0.3350742442660407,0.559408910834615,0.37255037433495697,0.3074944934843977,0.30052720883776196,0.31702786529563187,0.31377029056157146,0.4237592762314024,0.3497165873163516,0.37851055387809496,0.4495667306424602,0.0,0.2552838624500956,0.381617603589415,0.33092126838528335,0.37882558685192447,0.3818074614596231,0.39000612484455355,0.5128389441084794,0.3490097429573841,0.38744365505433553,0.3421740777164355,0.2758141730177319,0.413165175383004,0.3470970350974327,0.3519645672014333,0.3357029401598224,0.40830165306068633,0.34722340575366706,0.26720838417750403,0.4949412476774382,0.2552902942075862,0.30700026845930783,0.37720329312990086,0.2787223097103745
