,A4,A35,A58,A63,A89,A94,A36,A42,A47,A59,A75,A98,A40,A51,A57,A2,A28,A85,A95,A7,A12,A13,A31,A50,A53,A96,A22,A44,A46,A64,A99,A17,A21,A41,A72,A88,A92,A15,A16,A23,A70,A8,A20,A49,A71,A78,A87,A100,A55,A62,A68,A5,A24,A27,A48,A74,A77,A82
A4,0.0,0.4083151799268142,0.4133543262550209,0.4530382709721894,0.42910070026771197,0.6176329891121477,0.48696109487077166,0.48919533167277207,0.4994213220714808,0.562439225695182,0.5170221701349192,0.43260886977914803,0.5076369752672754,0.2997874773870407,0.5488463056259495,0.5029797737713588,0.5572046680023208,0.4613460722843403,0.5204195035354326,0.49604974550292924,0.32435817518946886,0.47026068654210207,0.47289280240144604,0.5389404152225821,0.40185774671013386,0.5261212704704796,0.578320658783033,0.5067407944957278,0.5468580468772009,0.5323112552751179,0.4463486000243947,0.3750919413892261,0.4099016175753768,0.33789002778672717,0.4941855854644377,0.5213617800268637,0.44434610887849846,0.3722761586114265,0.502601161238313,0.43649738832698814,0.5128153639872894,0.5092261005615333,0.44165930749149795,0.5438913439507187,0.4218675710941082,0.4424150280422505,0.4366375018464508,0.43878953373741136,0.46197422919957276,0.39782044394635097,0.30414314520647845,0.37494239446801725,0.4880459790435756,0.39410690701339723,0.4690430229503517,0.5144348037606163,0.4525882472680237,0.4580994318226336
A35,0.4083151799268142,0.0,0.28095679157062214,0.5455437420675426,0.2864933019703244,0.3312941934930498,0.24281282443072494,0.3550016015280062,0.3401704501408873,0.35016285501430844,0.24379274189314315,0.3409348143532386,0.441751379198425,0.42917228221410364,0.30882320476252223,0.30854073567988205,0.3280223287435503,0.4067501696393072,0.32395548946402664,0.31949792361928553,0.4019395999247951,0.45787856432109975,0.3412410289724188,0.3337558498685367,0.4622549195054495,0.4182931963818939,0.34227329233518433,0.3347553869045068,0.24747610843832202,0.24485937439146455,0.36356575339824726,0.3801072993873038,0.3716763692755445,0.4140735549300557,0.3039094974762032,0.3951937904460937,0.38045502562032507,0.36872447116192153,0.44960090563056065,0.46939280229197244,0.34655875574514805,0.43430421868738667,0.3858625996053048,0.4023606405321807,0.3103499468994473,0.29082835767019954,0.4522276891072431,0.30284176449118494,0.3026709058415271,0.3242150073927853,0.435123093886836,0.31047242254989027,0.3024459065456604,0.4231727635336099,0.34420428026804073,0.33137420158832587,0.3449595039227503,0.27682537801635665
A58,0.4133543262550209,0.28095679157062214,0.0,0.44503522880531565,0.26485294924937464,0.39502366820577506,0.2995376101864009,0.40574424236287665,0.3712418946559376,0.41574922380467516,0.3331778317251485,0.39288740202532546,0.29841480409487064,0.4537599579288586,0.22442331177662633,0.3718396929303289,0.4182027842337691,0.40683291778615327,0.3433660716414788,0.3228007528126423,0.38399118324675885,0.39968601042634777,0.3409395900589103,0.37185199672414837,0.5765151231700334,0.4461676008428679,0.3671153452107109,0.39239074914397243,0.34997644823930274,0.3294699340871795,0.5170398680780316,0.41599647235603976,0.4818658315114832,0.43327567470399064,0.24660630373078685,0.3182878373472411,0.36048370953016917,0.3673189373730844,0.4011918283645022,0.43865252668391486,0.36252244440923587,0.5058874762647256,0.4644445171346785,0.43396363071720623,0.3255055204595555,0.3133459015701173,0.3777225696191656,0.3273580916472061,0.4867387854818739,0.313802062123535,0.315089542658494,0.42290577688422326,0.29994134625723334,0.4630096721252166,0.25599045102296314,0.3103464794920885,0.4069330472399554,0.321917905313471
A63,0.4530382709721894,0.5455437420675426,0.44503522880531565,0.0,0.49273088118836916,0.6008598443424013,0.49252146953178,0.40695509435444943,0.6032045385733408,0.5908365600564632,0.5769781696479922,0.5917018713580183,0.4563079029256344,0.5552955871484817,0.478478681131016,0.4666669963861899,0.6229839575464202,0.5246539801043166,0.4375136126003917,0.4718580798352936,0.48217487228705924,0.35351819563039777,0.5523506867747053,0.5508988334123772,0.5099642189878929,0.7343001996927385,0.4818174808197271,0.5263179154004183,0.6116941659812598,0.507814524106136,0.46312339417691417,0.47123794830008914,0.531655576828288,0.43697529106893807,0.4943223159933461,0.5293680845453506,0.4023866416101526,0.4903642853844521,0.5134039691175631,0.5511173156266475,0.5034241681647652,0.6323165514226408,0.5739100960895394,0.5316951257523983,0.5458762930671526,0.5208815062320402,0.4264299881433865,0.40380732325288426,0.5770892535001662,0.439702715540477,0.3584544554682838,0.4848651792723637,0.46680559188707105,0.38307716022120397,0.4025035046415265,0.37518765686843836,0.5812503165080137,0.5404425517359758
A89,0.42910070026771197,0.2864933019703244,0.26485294924937464,0.49273088118836916,0.0,0.3794505408261566,0.23451740204937932,0.34648683800499236,0.3711078428316513,0.3083426551639006,0.31596396546572036,0.2634646851010758,0.2959831551241108,0.3613811629449696,0.26742885407274486,0.3413845048279778,0.31493980494523965,0.37445481500060573,0.2674688697604152,0.1695038066712451,0.40292257152348687,0.46626561496234875,0.33093786338866205,0.28931941146378826,0.5165435772450007,0.32955088209531236,0.31526693091976454,0.24871880236294508,0.3557255002386517,0.29065788418279614,0.48632654715563195,0.3968722340831894,0.36252678048866804,0.4754465781825712,0.1825740761442176,0.264330527054776,0.34431887933032845,0.309104801713212,0.4070448512799033,0.4589864132071507,0.36180367676031655,0.4204081532380083,0.3762608844375953,0.30736586820617495,0.35572892379652565,0.24610260791516658,0.3368675893408458,0.34135685739293153,0.37138326148495704,0.28867305087457906,0.4110708150727943,0.3314937457187507,0.2414337588594878,0.44504472444466037,0.2463306007163224,0.2657896903124761,0.4702986865594362,0.28679978872245737
A94,0.6176329891121477,0.3312941934930498,0.39502366820577506,0.6008598443424013,0.3794505408261566,0.0,0.3000965830911858,0.33141873719424153,0.31023918417723817,0.418855086553917,0.24337118775424016,0.4490298858724183,0.4609794616937769,0.5524932096783299,0.32291312381282866,0.4135759221289882,0.3766562660532341,0.38779368158964045,0.43350035230329786,0.37797069365821034,0.5105348806406695,0.4880559254644845,0.30580068986395215,0.38747624100604294,0.5672814551392955,0.47254145266804615,0.2924421627110051,0.4344638078591381,0.3042404345530757,0.24494903747723806,0.4036601409796293,0.42739000902360447,0.3780738368641683,0.5388475955957046,0.299343714306623,0.3720739032222863,0.4724823998884037,0.4203170111364066,0.38393698468342186,0.4795118649623983,0.37999550153150075,0.49616833407640804,0.434249657017693,0.5111757364178119,0.33483349845616417,0.35566157034116797,0.48398686312003325,0.3869780811964816,0.36659862614094496,0.42311372521783364,0.6240985346527556,0.3912498264998211,0.3909697132297145,0.49695886592222416,0.40089982821114867,0.36257198901887167,0.36608836529748745,0.3528053266289871
A36,0.48696109487077166,0.24281282443072494,0.2995376101864009,0.49252146953178,0.23451740204937932,0.3000965830911858,0.0,0.2510448829311399,0.29216832016598526,0.3502463061576503,0.2539610860790068,0.27456010780416584,0.38107617143356287,0.4336281215357952,0.2837584161262411,0.37061364815221653,0.2831958315503469,0.3098685744272447,0.26291701339441387,0.26001316710300104,0.4559830064347393,0.43743141928576834,0.3360359885793025,0.2705976363851442,0.44136907309070983,0.3401780536722335,0.22149210494920646,0.2714883846386764,0.27852251706648234,0.23748229818685718,0.3776636889013516,0.37487109850225886,0.35761296548217947,0.5015260660695329,0.2560580309281959,0.3677717420350808,0.3401485209290369,0.43592487391567125,0.41198027718250385,0.4256054315820156,0.3126670502855843,0.4042507804545217,0.35135714120669936,0.35873666366726564,0.3178681887485971,0.2742807167972283,0.4213591437666241,0.3399083658827785,0.3013656752707692,0.3611656669144956,0.4818451093378864,0.4213521196999743,0.27025390134903715,0.4066988955253742,0.27426318714446063,0.2558523630768097,0.45258073024816126,0.29744065827946187
A42,0.48919533167277207,0.3550016015280062,0.40574424236287665,0.40695509435444943,0.34648683800499236,0.33141873719424153,0.2510448829311399,0.0,0.4396937085199867,0.3928434312468715,0.26771797421787913,0.4102313533045818,0.3668299609221298,0.453958298234173,0.3530746344789185,0.35237443401717794,0.33235438060203115,0.3040715412415983,0.33868844653915053,0.3192157698045669,0.47101815214494014,0.43738632060504945,0.45429762324684064,0.3832010105090803,0.4916458078866751,0.5283164897657491,0.23661334372814902,0.40171379067747004,0.3174239587387373,0.3603932220216002,0.26683524323175767,0.43313982700766207,0.407355322194075,0.41423981390451325,0.35597420820585857,0.3894493325174181,0.39326239821957354,0.5080395628729528,0.4286441145237826,0.45684873575692164,0.39080907943558796,0.4578877244082207,0.3701667174086263,0.5180848978512915,0.40697478826950717,0.3214964126841219,0.4608845165017327,0.368414174005127,0.3492665865035648,0.4000458667841741,0.5372762332314881,0.457053823324553,0.3170735165271593,0.4801868498748231,0.3245805399890259,0.2955045863393725,0.5029463412990716,0.30556186120291307
A47,0.4994213220714808,0.3401704501408873,0.3712418946559376,0.6032045385733408,0.3711078428316513,0.31023918417723817,0.29216832016598526,0.4396937085199867,0.0,0.36283302443029386,0.4203707988936497,0.3374834541341598,0.43485378486392934,0.49049003720887197,0.3703786335046527,0.3184658208934381,0.33817418917910125,0.3705902011395411,0.41817756166616515,0.36980674525082247,0.3980676060471041,0.5334770944359563,0.3191825761544448,0.2601498707334584,0.525673899361522,0.43675656399854745,0.35588764223706326,0.3757656798596116,0.36309268971166153,0.26279860347072004,0.4692903360130012,0.42397249833316963,0.4380749608741803,0.5492465859246258,0.35187326570344624,0.3958736152230964,0.3872089458781218,0.3948718330275125,0.5142352914243118,0.44999914885643366,0.20397605710714029,0.30998189514298646,0.4116036075902725,0.4156814955327648,0.2975376000441047,0.38984499960160046,0.45172245673381495,0.42761202847050916,0.403367099390154,0.4145714290322574,0.599228413378784,0.44733744684960675,0.4140175174250269,0.46114227384516304,0.3964238607600863,0.32807961219151804,0.41415093947261405,0.36706612659022686
A59,0.562439225695182,0.35016285501430844,0.41574922380467516,0.5908365600564632,0.3083426551639006,0.418855086553917,0.3502463061576503,0.3928434312468715,0.36283302443029386,0.0,0.43137918352656157,0.25408277428266457,0.33666852885169885,0.36231239078885713,0.3044734290360621,0.4236288693797974,0.2782037013991673,0.3736722435140396,0.40778142527561456,0.26859882221045295,0.4163295260098395,0.5092541515363052,0.3925877887892162,0.38419796502038683,0.6121211798162364,0.48353869072064504,0.3302989621026634,0.34162278206346375,0.3317987845035171,0.27675970455710974,0.537004745011816,0.5207239017524544,0.44453698032887246,0.5902493557502971,0.3991377814780591,0.3191872042871571,0.4124291356140207,0.3922860166264631,0.3883504427033948,0.5194720736729025,0.3884619593957711,0.3815960534305026,0.44434493606117387,0.4259559006234056,0.39566810187350543,0.36359079081365075,0.4135754206118286,0.41250434887628673,0.47395901191277157,0.4078430499193554,0.604666212369575,0.5875260084781471,0.24771829038331294,0.4989904567678941,0.40307047995070977,0.4000328935421261,0.5842075927891741,0.3052002919207426
A75,0.5170221701349192,0.24379274189314315,0.3331778317251485,0.5769781696479922,0.31596396546572036,0.24337118775424016,0.2539610860790068,0.26771797421787913,0.4203707988936497,0.43137918352656157,0.0,0.3766800982546271,0.3997189052861658,0.503764442566377,0.24805486927104525,0.32651484016027044,0.3119828283433217,0.36630097195229905,0.37373761637156133,0.2984480660203396,0.4528769578135934,0.4609050637796017,0.32318555602916677,0.3542568867961402,0.48639505193122523,0.3513138881695995,0.21032807605619774,0.3462061208433196,0.22889436165744892,0.2781566315177053,0.3524947509596509,0.4394495888732294,0.3455172193969215,0.4836603276361876,0.2500047693667248,0.33273958253894564,0.40908659771695133,0.48421791443179785,0.41070677950576706,0.4250444348947524,0.39704834810651046,0.49022408591600664,0.329586629905522,0.4834809848878763,0.3109500770417566,0.2362720043064206,0.5314262125122656,0.38818187779001123,0.27305730058962674,0.4215232214350163,0.5354981002582019,0.3940084472763765,0.27438417577758223,0.5495206409651754,0.3071573109592872,0.3432042215561212,0.40602587200624807,0.30195085657391973
A98,0.43260886977914803,0.3409348143532386,0.39288740202532546,0.5917018713580183,0.2634646851010758,0.4490298858724183,0.27456010780416584,0.4102313533045818,0.3374834541341598,0.25408277428266457,0.3766800982546271,0.0,0.27485488607032893,0.25259034534680114,0.29209773234670644,0.35390337331643396,0.25566050832538356,0.44820071631504566,0.34929835030790135,0.3010172465816937,0.28895949904313334,0.4893931598031285,0.34674351342731,0.2871711233636435,0.4299737552353413,0.27480719360811945,0.3602821292022972,0.25756131564278395,0.34316660689545375,0.30519005318439885,0.48369995209822225,0.43051496445702875,0.30571632202101573,0.552221615652726,0.33210925247367806,0.3637940392418325,0.43074327857634653,0.3225621685974783,0.3891099902741423,0.4360565596542141,0.35206563290276727,0.2812898145699867,0.36263980362451953,0.27717549751878634,0.3468172792776806,0.3082837364523183,0.4038827411148218,0.41945975525183776,0.41387981784411,0.4167020122120765,0.5633450866465243,0.4684258997548164,0.30550473843786197,0.4584622526405525,0.29431487345982377,0.31799065162390816,0.5449104499511936,0.279607572335559
A40,0.5076369752672754,0.441751379198425,0.29841480409487064,0.4563079029256344,0.2959831551241108,0.4609794616937769,0.38107617143356287,0.3668299609221298,0.43485378486392934,0.33666852885169885,0.3997189052861658,0.27485488607032893,0.0,0.4038080289012933,0.26954992150058454,0.35702608747968556,0.31440678746336304,0.4541320281663944,0.34714738855730654,0.245340693678343,0.37760797513786915,0.4305119042452623,0.4571934682899115,0.3552593636563113,0.5493853292828461,0.4159971764170094,0.3163313413762219,0.3103027399905961,0.42713154517027874,0.3769852930380958,0.5750614795069671,0.3966063851817796,0.4363615138139699,0.5630972006712625,0.3030025540032806,0.2930357392313262,0.360569600568036,0.40728356658432785,0.38952009736754123,0.3321151406529814,0.4570376100807958,0.3609939121895992,0.34550701827641417,0.3078696066455886,0.37559927174316765,0.4033444836873916,0.36716346950524437,0.3595332396888148,0.5581526848997636,0.34959895892011816,0.49521628436213005,0.5083006205751308,0.2975646792671204,0.4985601353849619,0.28288378098916345,0.34851593054458563,0.6119721685903627,0.29554392186088996
A51,0.2997874773870407,0.42917228221410364,0.4537599579288586,0.5552955871484817,0.3613811629449696,0.5524932096783299,0.4336281215357952,0.453958298234173,0.49049003720887197,0.36231239078885713,0.503764442566377,0.25259034534680114,0.4038080289012933,0.0,0.46318808599867123,0.5239201275161398,0.3900184699750111,0.49945583683241923,0.4120626320542412,0.39145322828096607,0.3142549774357172,0.5002037760434896,0.4297277181979162,0.4413421015026241,0.4057168894116875,0.3759620464507957,0.48153366153043053,0.3798531320624584,0.48806924704589405,0.48903133843621494,0.4575784114572711,0.42447611204133784,0.3483221648785789,0.48462054307336566,0.47609847935420646,0.37820720421096143,0.43164076780996885,0.4052291808016272,0.41060420655460406,0.49109594148087354,0.4794476625211783,0.429866496774743,0.38054446181749024,0.4968320818586547,0.38783770534695405,0.33199519852215154,0.4641596920138473,0.5307049363358318,0.5156204329852436,0.4283259479983291,0.43855900363008393,0.4741946757488005,0.3736348581873945,0.5026204039158368,0.3693783310658897,0.45995596975546116,0.5517931399830603,0.4412058258329602
A57,0.5488463056259495,0.30882320476252223,0.22442331177662633,0.478478681131016,0.26742885407274486,0.32291312381282866,0.2837584161262411,0.3530746344789185,0.3703786335046527,0.3044734290360621,0.24805486927104525,0.29209773234670644,0.26954992150058454,0.46318808599867123,0.0,0.2944210047120598,0.3025289109419764,0.316745716065001,0.36996900599557325,0.22201004517193745,0.32955734857981045,0.3741944155486655,0.3239795055673106,0.331271858186276,0.49063868731829485,0.4537522516140907,0.2728351574406862,0.3629414957051449,0.2975697099571817,0.2776365098242136,0.5172146109529117,0.4070754733803972,0.40025467907299317,0.5282419204845168,0.2625825207905781,0.33076993595826154,0.30422387227114767,0.3629478382036876,0.3485655732064227,0.4682725726906909,0.3100628591240754,0.41906642447891995,0.44125618028428115,0.4089727364048935,0.30684498533908433,0.27877213753533037,0.41858776015272325,0.315625487779714,0.4349625906335668,0.3851670688005583,0.48889374829980714,0.46228138257653906,0.26340079539282735,0.5036992469261302,0.2277693458589497,0.2356203634103864,0.48901060680063435,0.26862839786565773
A2,0.5029797737713588,0.30854073567988205,0.3718396929303289,0.4666669963861899,0.3413845048279778,0.4135759221289882,0.37061364815221653,0.35237443401717794,0.3184658208934381,0.4236288693797974,0.32651484016027044,0.35390337331643396,0.35702608747968556,0.5239201275161398,0.2944210047120598,0.0,0.3362536916342499,0.3949689620972445,0.3496672305152798,0.2991718445963927,0.3437564251124101,0.5039433145792165,0.47156828522254957,0.2841784975326709,0.43797201769244676,0.5112602388135138,0.2936296300133171,0.4120791512112263,0.2891412917430788,0.28993411126266744,0.3717662116178143,0.41226303587916346,0.327916113468815,0.4585917373449888,0.3302913492447861,0.4367861980526312,0.357471035452665,0.43180020097740335,0.4976668237898024,0.5604282412198247,0.2319583070155119,0.33510369930966744,0.4311870905472417,0.38096597204132676,0.43524093847310275,0.27775851001634877,0.4848776000870665,0.385480714505286,0.3875274467454418,0.4516799948834179,0.591395174545156,0.4112779744148203,0.3555031958665875,0.4694711994046866,0.3394609803488594,0.22538217630133972,0.4722525510507727,0.26236844639412626
A28,0.5572046680023208,0.3280223287435503,0.4182027842337691,0.6229839575464202,0.31493980494523965,0.3766562660532341,0.2831958315503469,0.33235438060203115,0.33817418917910125,0.2782037013991673,0.3119828283433217,0.25566050832538356,0.31440678746336304,0.3900184699750111,0.3025289109419764,0.3362536916342499,0.0,0.3736190121160159,0.3310239525241446,0.31827621671922224,0.391371710728909,0.5200938520636275,0.4709623873889641,0.290426673285913,0.4488340499239043,0.3777113984783994,0.2511938402455701,0.295581756752585,0.290393296804628,0.3037025037890778,0.47658102391769197,0.4281372722843799,0.37070809870515853,0.5867259063827148,0.36466904097585784,0.3994394012447965,0.38772252907485105,0.43896792158423625,0.35867014993769375,0.4890452238495345,0.35722934589022615,0.32541776454968174,0.36273479686433596,0.4085264238486582,0.4244854037284308,0.3055848975940407,0.49559255480736664,0.35398475857042855,0.3902468508028809,0.41529911207825254,0.6761431119238901,0.5404106207588508,0.30371162497812587,0.5169785922983026,0.30451496020439295,0.32900388958747817,0.5299545674896591,0.3269995061455623
A85,0.4613460722843403,0.4067501696393072,0.40683291778615327,0.5246539801043166,0.37445481500060573,0.38779368158964045,0.3098685744272447,0.3040715412415983,0.3705902011395411,0.3736722435140396,0.36630097195229905,0.44820071631504566,0.4541320281663944,0.49945583683241923,0.316745716065001,0.3949689620972445,0.3736190121160159,0.0,0.44505747023586806,0.35206592499508915,0.4877096372259042,0.4708959509643996,0.40446146920691306,0.40883616404492784,0.5060983953645883,0.5573016670683338,0.35962478859431757,0.4162782798103729,0.40195730847617517,0.36542756975473,0.377155173927592,0.4070754085038766,0.4967002767316824,0.4667900710799052,0.3636853006734553,0.3872010090128135,0.3366048274991058,0.40411394831039504,0.4192465413084434,0.4372060910448402,0.4858985935535035,0.5002526187580716,0.5211121574208906,0.5211840069581334,0.3839097623713512,0.3382126308675766,0.49145787589956114,0.38398600806929706,0.3754467012548426,0.42145774807430203,0.5029262767028991,0.46890400221108586,0.36343815254347633,0.5412951590609123,0.4139102251988038,0.35782104616889787,0.41685955974217714,0.3138509124728589
A95,0.5204195035354326,0.32395548946402664,0.3433660716414788,0.4375136126003917,0.2674688697604152,0.43350035230329786,0.26291701339441387,0.33868844653915053,0.41817756166616515,0.40778142527561456,0.37373761637156133,0.34929835030790135,0.34714738855730654,0.4120626320542412,0.36996900599557325,0.3496672305152798,0.3310239525241446,0.44505747023586806,0.0,0.25940097180573884,0.42297367950899023,0.4797290905678694,0.41658163581731966,0.3115043018834963,0.38295090530346787,0.3118673222460331,0.3347445357419182,0.21059604158552414,0.42530816832400364,0.34680222717869724,0.37816389673601203,0.4193037963772589,0.3247878628405967,0.5866577765122354,0.32197088324183565,0.3896953791435497,0.35844473741358085,0.46897176875888036,0.44463594071883517,0.4088970268186234,0.3218246408989309,0.44751849970952506,0.3137114373278034,0.26379859952899154,0.32014537828859835,0.26944961727270644,0.4896649206122251,0.34865223606621865,0.43809855078627924,0.4091069381282245,0.5240088048792932,0.42908941561659464,0.3398234056088155,0.51829229844716,0.3049736168092625,0.2107273690600382,0.5022873034876474,0.3859719155913839
A7,0.49604974550292924,0.31949792361928553,0.3228007528126423,0.4718580798352936,0.1695038066712451,0.37797069365821034,0.26001316710300104,0.3192157698045669,0.36980674525082247,0.26859882221045295,0.2984480660203396,0.3010172465816937,0.245340693678343,0.39145322828096607,0.22201004517193745,0.2991718445963927,0.31827621671922224,0.35206592499508915,0.25940097180573884,0.0,0.387759757841978,0.41192269143264637,0.35407146482237506,0.29042981724851835,0.47333590878081844,0.388537705020197,0.2450050071276707,0.28127358140344116,0.36342189847447726,0.27659030039413546,0.4319910029801639,0.4129762246713312,0.30929294855400813,0.5776223671460229,0.22012144959077729,0.2359405144844754,0.3174198293863204,0.37009004177608995,0.4356354740543793,0.45079401565743193,0.33531908417171896,0.4179790667852368,0.3761001611043572,0.3254849020920245,0.31552622640978967,0.28607423218399186,0.4078726484406787,0.3465198686102312,0.4674498608980575,0.3225181140327691,0.46331941695664014,0.40191778595049776,0.217051708457505,0.5235716506298735,0.2437669729694273,0.2831631751645276,0.5335532755981567,0.2814308539319167
A12,0.32435817518946886,0.4019395999247951,0.38399118324675885,0.48217487228705924,0.40292257152348687,0.5105348806406695,0.4559830064347393,0.47101815214494014,0.3980676060471041,0.4163295260098395,0.4528769578135934,0.28895949904313334,0.37760797513786915,0.3142549774357172,0.32955734857981045,0.3437564251124101,0.391371710728909,0.4877096372259042,0.42297367950899023,0.387759757841978,0.0,0.36831385057379473,0.3917798323164571,0.4123405490025147,0.4364110508865868,0.4709402138005745,0.4467608769293677,0.4229300966662368,0.42701365310270645,0.38005050768066173,0.47083493244706454,0.3111813338968574,0.3435956277644252,0.4457994388782671,0.4097275346921865,0.461010852705958,0.28670115105358096,0.31943346297619646,0.4019664458796377,0.48544640182687604,0.3781485864770615,0.32015060504664816,0.4078656555454635,0.383335554151614,0.35967929254647535,0.3940602250159503,0.48566305631062245,0.3937723067571167,0.45214966625897146,0.3713069193527484,0.42562022346742123,0.4529471064997349,0.3460570548179803,0.42778103914300436,0.3737389079643053,0.28152589336976264,0.4549896452521597,0.37808776596654026
A13,0.47026068654210207,0.45787856432109975,0.39968601042634777,0.35351819563039777,0.46626561496234875,0.4880559254644845,0.43743141928576834,0.43738632060504945,0.5334770944359563,0.5092541515363052,0.4609050637796017,0.4893931598031285,0.4305119042452623,0.5002037760434896,0.3741944155486655,0.5039433145792165,0.5200938520636275,0.4708959509643996,0.4797290905678694,0.41192269143264637,0.36831385057379473,0.0,0.43847232307337736,0.48355070250709986,0.45208479016910363,0.6024149851523852,0.4763607144376941,0.521096305664382,0.563266341033329,0.43895717380346455,0.48725583246339643,0.337183968601105,0.5098169590163614,0.48282050517392516,0.39834637870882916,0.47705761361002463,0.3547421116836805,0.37047532027935093,0.43986169596982383,0.37346447856722087,0.5379290628074966,0.4750039782033352,0.48176688101477505,0.46449664983185435,0.4396173818573399,0.48356634865489767,0.5458629279787202,0.4021952742372453,0.5287891679805821,0.3662792489419475,0.39368693526262544,0.4493173460751,0.34348863747664593,0.5045014323115502,0.3318487027236757,0.41833573454647266,0.43356741638460106,0.42243971715620887
A31,0.47289280240144604,0.3412410289724188,0.3409395900589103,0.5523506867747053,0.33093786338866205,0.30580068986395215,0.3360359885793025,0.45429762324684064,0.3191825761544448,0.3925877887892162,0.32318555602916677,0.34674351342731,0.4571934682899115,0.4297277181979162,0.3239795055673106,0.47156828522254957,0.4709623873889641,0.40446146920691306,0.41658163581731966,0.35407146482237506,0.3917798323164571,0.43847232307337736,0.0,0.3668049821162197,0.5496432769094798,0.45082742374132057,0.4158695636868681,0.347768637599291,0.41155729874557967,0.32984858232350234,0.4916579985508521,0.46700818187184945,0.43538244011789373,0.4974073731779969,0.3018966056526512,0.33452760482721866,0.4174972763812512,0.34887777305600187,0.39220941183157554,0.37866957574927895,0.4036895049995438,0.43027674550731687,0.4625246434395027,0.42264133013650906,0.17910712357410175,0.3339414897824112,0.4979167058218009,0.4039561386368893,0.43363580578580707,0.3866700684948249,0.4864637386448315,0.3667467908047166,0.31935170621032094,0.47146355624154235,0.3554269818619509,0.31885660717679276,0.2822963668497869,0.3024144713435074
A50,0.5389404152225821,0.3337558498685367,0.37185199672414837,0.5508988334123772,0.28931941146378826,0.38747624100604294,0.2705976363851442,0.3832010105090803,0.2601498707334584,0.38419796502038683,0.3542568867961402,0.2871711233636435,0.3552593636563113,0.4413421015026241,0.331271858186276,0.2841784975326709,0.290426673285913,0.40883616404492784,0.3115043018834963,0.29042981724851835,0.4123405490025147,0.48355070250709986,0.3668049821162197,0.0,0.5213625104597983,0.3765350644032698,0.2534328105007453,0.35343636517793053,0.3422226207421276,0.27692020979740184,0.4878208059085356,0.42876998249499776,0.35658793385813536,0.543597546225425,0.3332711767419325,0.34722270811214595,0.27358358064927535,0.4023530520427113,0.5086501550208966,0.5016232200804893,0.24153076750338176,0.24998663733104254,0.37795095338577145,0.25962099425303475,0.3547888260050993,0.3342585640219451,0.509191709414615,0.4377646591131885,0.4075674409433465,0.3495082018630077,0.6252754430383141,0.43109612339838654,0.2874846814643748,0.4971628957964068,0.29041136888110186,0.2794933728708875,0.5220841160891417,0.2417417959250906
A53,0.40185774671013386,0.4622549195054495,0.5765151231700334,0.5099642189878929,0.5165435772450007,0.5672814551392955,0.44136907309070983,0.4916458078866751,0.525673899361522,0.6121211798162364,0.48639505193122523,0.4299737552353413,0.5493853292828461,0.4057168894116875,0.49063868731829485,0.43797201769244676,0.4488340499239043,0.5060983953645883,0.38295090530346787,0.47333590878081844,0.4364110508865868,0.45208479016910363,0.5496432769094798,0.5213625104597983,0.0,0.4321469138045967,0.5249668273459949,0.3777648720104483,0.4790498068569041,0.4961072095090153,0.40212360850048157,0.4359060029229723,0.3394193532401478,0.6252550851768521,0.5605547355854119,0.5809295238972636,0.5171334618083937,0.5701848306128052,0.49381860509986364,0.4378487457104855,0.4450086388267749,0.4376712833830758,0.33292528272436983,0.4628197531584911,0.4487706347921192,0.37662409193509516,0.5598492053264654,0.46105097929385375,0.47070914905268235,0.635375685340779,0.5655989950756812,0.4959326300994271,0.5716415194413276,0.45875837709158906,0.4114251383667469,0.43942008373452734,0.5349903627194075,0.5850836980656535
A96,0.5261212704704796,0.4182931963818939,0.4461676008428679,0.7343001996927385,0.32955088209531236,0.47254145266804615,0.3401780536722335,0.5283164897657491,0.43675656399854745,0.48353869072064504,0.3513138881695995,0.27480719360811945,0.4159971764170094,0.3759620464507957,0.4537522516140907,0.5112602388135138,0.3777113984783994,0.5573016670683338,0.3118673222460331,0.388537705020197,0.4709402138005745,0.6024149851523852,0.45082742374132057,0.3765350644032698,0.4321469138045967,0.0,0.41626190933056273,0.2894313161928094,0.41659784179734516,0.42144859795269596,0.5080700611543716,0.4597881446463917,0.2652217916543973,0.745113097740933,0.3699507872481881,0.3848468724383798,0.5306513017966372,0.5576537139826612,0.4774463402171486,0.42218804442499225,0.45004984478922405,0.43924387768378215,0.23505096061787534,0.34057686538815024,0.43335315400049457,0.37576763730224194,0.6005308711102403,0.5264714392537941,0.42522960469450566,0.5346185999516019,0.6300841489288129,0.4771691889399513,0.4331048757424525,0.6294095625916929,0.3973072919149494,0.47551451341011086,0.582467275283739,0.4926610083789885
A22,0.578320658783033,0.34227329233518433,0.3671153452107109,0.4818174808197271,0.31526693091976454,0.2924421627110051,0.22149210494920646,0.23661334372814902,0.35588764223706326,0.3302989621026634,0.21032807605619774,0.3602821292022972,0.3163313413762219,0.48153366153043053,0.2728351574406862,0.2936296300133171,0.2511938402455701,0.35962478859431757,0.3347445357419182,0.2450050071276707,0.4467608769293677,0.4763607144376941,0.4158695636868681,0.2534328105007453,0.5249668273459949,0.41626190933056273,0.0,0.31827904985334,0.22196939749045852,0.23159944860580828,0.3669404118073576,0.4505147650106667,0.32019779054814135,0.5528096322840774,0.31707256981321674,0.30737959733561193,0.28256923776938014,0.5084980690913274,0.4209597352540223,0.4874275663545786,0.31475392122321444,0.3804542469374488,0.3684891098989741,0.37754268989106576,0.372361290208436,0.30057478895197454,0.45428050111376317,0.3834630979405015,0.3465169655868584,0.36845222109568476,0.5912823144573711,0.47026731851030323,0.2683913506336819,0.47827475277980325,0.31989509961466644,0.2970044872239662,0.5296758304275508,0.29213360530031596
A44,0.5067407944957278,0.3347553869045068,0.39239074914397243,0.5263179154004183,0.24871880236294508,0.4344638078591381,0.2714883846386764,0.40171379067747004,0.3757656798596116,0.34162278206346375,0.3462061208433196,0.25756131564278395,0.3103027399905961,0.3798531320624584,0.3629414957051449,0.4120791512112263,0.295581756752585,0.4162782798103729,0.21059604158552414,0.28127358140344116,0.4229300966662368,0.521096305664382,0.347768637599291,0.35343636517793053,0.3777648720104483,0.2894313161928094,0.31827904985334,0.0,0.3501031979252447,0.3118273177002008,0.4738857058559979,0.4427151336763884,0.37479186457777613,0.6047535991128068,0.30821357510895553,0.29336968237030026,0.3466166628136367,0.40487403784642495,0.3969452013144663,0.31737772840780876,0.4016784710948281,0.40614108527281745,0.31246183362745283,0.27527516138262853,0.3229766540418869,0.2621716567389625,0.40758188923794414,0.32402905866051446,0.3576721741962291,0.38569310208414664,0.5081177582646313,0.4704807343750468,0.2993137196118979,0.5237909441261217,0.3626609597264303,0.294249625464985,0.48814401388996254,0.3567235610201649
A46,0.5468580468772009,0.24747610843832202,0.34997644823930274,0.6116941659812598,0.3557255002386517,0.3042404345530757,0.27852251706648234,0.3174239587387373,0.36309268971166153,0.3317987845035171,0.22889436165744892,0.34316660689545375,0.42713154517027874,0.48806924704589405,0.2975697099571817,0.2891412917430788,0.290393296804628,0.40195730847617517,0.42530816832400364,0.36342189847447726,0.42701365310270645,0.563266341033329,0.41155729874557967,0.3422226207421276,0.4790498068569041,0.41659784179734516,0.22196939749045852,0.3501031979252447,0.0,0.21100954067442135,0.37667021885616814,0.47575116123795824,0.3389111313425176,0.4902181390206348,0.31186260885949646,0.34468584514551304,0.4168309045763706,0.4459940102344705,0.3741158898936914,0.5131643929527738,0.3449786175792451,0.4115585395284349,0.3625973816422471,0.4683799445151545,0.41503788900754324,0.29278512179675764,0.481077434263964,0.3521091073679644,0.2306863775137099,0.4987173778596393,0.5907991713179392,0.49622798687657743,0.3401527001953445,0.46214707652642484,0.36286443097234455,0.35876960697189964,0.4909855005967657,0.2791018386654087
A64,0.5323112552751179,0.24485937439146455,0.3294699340871795,0.507814524106136,0.29065788418279614,0.24494903747723806,0.23748229818685718,0.3603932220216002,0.26279860347072004,0.27675970455710974,0.2781566315177053,0.30519005318439885,0.3769852930380958,0.48903133843621494,0.2776365098242136,0.28993411126266744,0.3037025037890778,0.36542756975473,0.34680222717869724,0.27659030039413546,0.38005050768066173,0.43895717380346455,0.32984858232350234,0.27692020979740184,0.4961072095090153,0.42144859795269596,0.23159944860580828,0.3118273177002008,0.21100954067442135,0.0,0.37558329862769124,0.4468309200738739,0.31973005848352576,0.5433502379531172,0.31491616292687563,0.31888576829532045,0.3187957464804204,0.30617020605354417,0.38946523215970263,0.45925512334555596,0.32559407986597144,0.38275839052304894,0.3837668216511537,0.3318665181930409,0.35816742097641696,0.3373836110597873,0.44024337794329105,0.26968695788912045,0.31473419613235176,0.3693478683365554,0.5236726890020551,0.4136720677737562,0.27429716210180666,0.45336559998302306,0.36044454273966076,0.28467788217007384,0.4352916818193642,0.2657138079896857
A99,0.4463486000243947,0.36356575339824726,0.5170398680780316,0.46312339417691417,0.48632654715563195,0.4036601409796293,0.3776636889013516,0.26683524323175767,0.4692903360130012,0.537004745011816,0.3524947509596509,0.48369995209822225,0.5750614795069671,0.4575784114572711,0.5172146109529117,0.3717662116178143,0.47658102391769197,0.377155173927592,0.37816389673601203,0.4319910029801639,0.47083493244706454,0.48725583246339643,0.4916579985508521,0.4878208059085356,0.40212360850048157,0.5080700611543716,0.3669404118073576,0.4738857058559979,0.37667021885616814,0.37558329862769124,0.0,0.46553303103950294,0.3000440638483882,0.477489933268066,0.4302616042348474,0.5301269937075967,0.4716814170622414,0.5047625957915105,0.5859972687601456,0.525623845950452,0.48252873128883955,0.5178084099148746,0.40150500678475043,0.6077668935317087,0.4293250929464827,0.3514094416028648,0.5565489928703007,0.4669543203023141,0.32867412764548065,0.5058268922903368,0.5062254579978165,0.3494115091916431,0.47078195957767166,0.535393227397404,0.47966972288467224,0.4285557823916464,0.4330209881341205,0.4293633524041848
A17,0.3750919413892261,0.3801072993873038,0.41599647235603976,0.47123794830008914,0.3968722340831894,0.42739000902360447,0.37487109850225886,0.43313982700766207,0.42397249833316963,0.5207239017524544,0.4394495888732294,0.43051496445702875,0.3966063851817796,0.42447611204133784,0.4070754733803972,0.41226303587916346,0.4281372722843799,0.4070754085038766,0.4193037963772589,0.4129762246713312,0.3111813338968574,0.337183968601105,0.46700818187184945,0.42876998249499776,0.4359060029229723,0.4597881446463917,0.4505147650106667,0.4427151336763884,0.47575116123795824,0.4468309200738739,0.46553303103950294,0.0,0.41366489760478653,0.36413055616654666,0.3439652946555388,0.4381754185349743,0.2650086537651265,0.35481721006282907,0.3150317712495102,0.4001809098088086,0.493261218170824,0.4167221145946033,0.3696897636491101,0.372031756539994,0.4738015370442896,0.40333146263376396,0.47327406520479787,0.3832179151680153,0.464710805345131,0.3006174421140746,0.4290249260193558,0.3913374278110682,0.3446033903741047,0.3473750192966314,0.34684317637452433,0.37448994076777664,0.44766645704237906,0.37855825092533646
A21,0.4099016175753768,0.3716763692755445,0.4818658315114832,0.531655576828288,0.36252678048866804,0.3780738368641683,0.35761296548217947,0.407355322194075,0.4380749608741803,0.44453698032887246,0.3455172193969215,0.30571632202101573,0.4363615138139699,0.3483221648785789,0.40025467907299317,0.327916113468815,0.37070809870515853,0.4967002767316824,0.3247878628405967,0.30929294855400813,0.3435956277644252,0.5098169590163614,0.43538244011789373,0.35658793385813536,0.3394193532401478,0.2652217916543973,0.32019779054814135,0.37479186457777613,0.3389111313425176,0.31973005848352576,0.3000440638483882,0.41366489760478653,0.0,0.6124050040963399,0.3790023889875688,0.3804073851063039,0.41880220436871596,0.416961918066559,0.4353566776175116,0.47896241118485117,0.36263396096866995,0.41605965931582944,0.2792833334369711,0.3922369337209005,0.448583707991986,0.3554732592541687,0.577098641003182,0.4549680725795682,0.34327759530814705,0.49340936694162196,0.5885932524788873,0.34664269593173724,0.39332592384167253,0.5050672311702797,0.4029048195134004,0.4054847430211289,0.5538238877247563,0.381168902544191
A41,0.33789002778672717,0.4140735549300557,0.43327567470399064,0.43697529106893807,0.4754465781825712,0.5388475955957046,0.5015260660695329,0.41423981390451325,0.5492465859246258,0.5902493557502971,0.4836603276361876,0.552221615652726,0.5630972006712625,0.48462054307336566,0.5282419204845168,0.4585917373449888,0.5867259063827148,0.4667900710799052,0.5866577765122354,0.5776223671460229,0.4457994388782671,0.48282050517392516,0.4974073731779969,0.543597546225425,0.6252550851768521,0.745113097740933,0.5528096322840774,0.6047535991128068,0.4902181390206348,0.5433502379531172,0.477489933268066,0.36413055616654666,0.6124050040963399,0.0,0.43748634424758837,0.5443033618520658,0.4298704905935319,0.4214851013935309,0.499892394609709,0.5701554913721407,0.581169750753421,0.5639428743480809,0.6255604126037365,0.6460690157347584,0.5380840091929948,0.3776362277409975,0.48954104225814954,0.4664494783821427,0.4101066374376211,0.39573275926577,0.3948505346247838,0.43984511080898714,0.4331683480087458,0.4256271896748989,0.47843906723089935,0.46076305107901805,0.4465313828610883,0.3874207727013964
A72,0.4941855854644377,0.3039094974762032,0.24660630373078685,0.4943223159933461,0.1825740761442176,0.299343714306623,0.2560580309281959,0.35597420820585857,0.35187326570344624,0.3991377814780591,0.2500047693667248,0.33210925247367806,0.3030025540032806,0.47609847935420646,0.2625825207905781,0.3302913492447861,0.36466904097585784,0.3636853006734553,0.32197088324183565,0.22012144959077729,0.4097275346921865,0.39834637870882916,0.3018966056526512,0.3332711767419325,0.5605547355854119,0.3699507872481881,0.31707256981321674,0.30821357510895553,0.31186260885949646,0.31491616292687563,0.4302616042348474,0.3439652946555388,0.3790023889875688,0.43748634424758837,0.0,0.2661102921691473,0.38373901937494215,0.31078998857309403,0.3837711999227821,0.40236405992789603,0.404076790902673,0.5058168071182404,0.36676210262236764,0.3739903874085332,0.354162654660396,0.28135628424283565,0.4207541492872223,0.35029280388603967,0.3563531153379288,0.34355060471002363,0.39919937564144314,0.3428205572592675,0.27356567005676335,0.4965319851140797,0.2607850911506089,0.3049951689764029,0.38006853072324287,0.2733404833200048
