,A4,A35,A58,A63,A89,A94,A36,A42,A47,A59,A75,A98,A40,A51,A57,A2,A28,A85,A95,A7,A12,A13,A31,A50,A53,A96,A22,A44,A46,A64,A99,A17,A21,A41,A72,A88,A92,A15,A16,A23,A70,A8,A20,A49,A71,A78,A87,A100,A55,A62,A68,A5,A24,A27,A48,A74,A77,A82
A4,0.0,0.6288443475398461,0.3913118793571003,0.2910125981593671,0.5030745505441787,0.6481273606456199,0.5378907024344213,0.5123331161750228,0.595193795085792,0.47782907002586916,0.6380431606646603,0.47794996618940855,0.47868642138638495,0.2435351770965516,0.5988519054524513,0.5113346407816228,0.6751679556266128,0.47242472122409995,0.5913406827868519,0.5338128723241811,0.5134039956755507,0.5165207832280396,0.501814982022163,0.4956124738000113,0.43329552343823097,0.5453677939564929,0.5278605913644201,0.5108354282273712,0.6374948630458608,0.5349830579223587,0.490747053694506,0.380695972539861,0.4475414537818756,0.3138170008736785,0.5901372391176795,0.4354369119681376,0.46851097962092436,0.4741858764683342,0.5336022136767666,0.5060995800376293,0.6140178774309857,0.6039211445116706,0.5787435831463259,0.5657356232256798,0.6207038007016844,0.4858253478002982,0.4529952145909082,0.500002177116144,0.7031061842715787,0.353320266148872,0.2679518484271578,0.3797124474851684,0.39842375985566025,0.40154166509845923,0.4474582055274211,0.6199833064995791,0.5920878398099612,0.47608329437031904
A35,0.6288443475398461,0.0,0.33809435186106485,0.7025990135372737,0.35310377779388824,0.3930543615119597,0.3065126003156865,0.40341523575761196,0.35861472375695536,0.43635975826160744,0.2837667600690543,0.37627799857214494,0.47137239540301934,0.531600324026381,0.34654877692173025,0.45310568941116114,0.4612954367195713,0.5030376681489221,0.37080061779703233,0.49986563674911155,0.5645697599268306,0.5182664181199164,0.4112343724363867,0.46274516077607686,0.7039566525223304,0.4541363953054196,0.5123823157921368,0.399102761102174,0.3696979017362757,0.3885345840209993,0.42951458079579596,0.5114930392562,0.6373047227267983,0.5331393323259622,0.3873697991954058,0.5279433383182601,0.5003763434505211,0.4521406279845228,0.5983344987649934,0.4838699453660381,0.46354239961679233,0.6300483487233195,0.4785804576591728,0.4514403349110131,0.3365763347520194,0.3534031517419588,0.4814894727443164,0.4556371105557051,0.31483734224583726,0.3661067587743331,0.5818787006937675,0.34322114197258435,0.36345687093406653,0.4958399507171659,0.41057524533976764,0.3357254950251557,0.2657707574037207,0.36988379146274053
A58,0.3913118793571003,0.33809435186106485,0.0,0.45710593131815247,0.33109728194311583,0.5495210995430007,0.37631335754734163,0.48081048248736535,0.48001503828647507,0.5239099540199159,0.5155470095767423,0.46453746408093566,0.36891381920017163,0.35235678695731254,0.3896529963844525,0.500834894465976,0.48893935257603316,0.4313354735097005,0.33604797237516526,0.5334478276048136,0.4967325326278389,0.384767305375491,0.4166210155185114,0.4393198295450992,0.5790640484586446,0.37284153527093145,0.5112064485277494,0.3282835790289089,0.4627988759798911,0.4660470458516579,0.4520841837082509,0.3985837650561984,0.5977506318606369,0.3851605991471624,0.36960693059048344,0.45793446705435636,0.4210130043267275,0.47593209559621386,0.47797751966201385,0.47117942305258176,0.5526243568029294,0.540895105391156,0.5161018753061142,0.461137620996796,0.4516142988330968,0.3221271255228939,0.4771840636679673,0.32747135930109095,0.5716842297157374,0.2961918753757363,0.353835136042717,0.36959033613518255,0.3440721674354078,0.5268011329957905,0.30667124193353,0.4366397553975798,0.3211124837067183,0.31554779582400083
A63,0.2910125981593671,0.7025990135372737,0.45710593131815247,0.0,0.5266544131020674,0.6787460958718234,0.5063575625891313,0.46024987821475183,0.6777454588585888,0.4479196791424832,0.7050293218438917,0.5165912417337175,0.42007783320572856,0.3470469173468732,0.47409252508766553,0.5402273402755067,0.7056196520744753,0.4899411023583926,0.4976158484419838,0.44139943408602955,0.5801394927322749,0.44888956945003133,0.5454132549577403,0.5246877535586614,0.4398246350082602,0.6086441434300082,0.4241182091712352,0.4256096906608706,0.668449564327211,0.5389241307103996,0.4498126821190509,0.46033714090856614,0.4506844169583297,0.40618916102957314,0.6633929055270065,0.4409720402879841,0.3856310889612141,0.5634417253744112,0.557797295791645,0.5699743780409189,0.5843499256771872,0.5647359640475399,0.5974758814757689,0.5493489511314141,0.6447241073972817,0.5479315783852498,0.4422810202278332,0.4451919492123718,0.7356876983937879,0.38910431610946794,0.29282607050832876,0.43037681443520726,0.3614974006685676,0.4248452510387405,0.37804403081775884,0.5252116180154567,0.7297351880270881,0.5279091465389978
A89,0.5030745505441787,0.35310377779388824,0.33109728194311583,0.5266544131020674,0.0,0.5422523999921065,0.3408880797559136,0.5102838530281402,0.49068148282828616,0.4750871120328314,0.4617307109863783,0.39663863677385225,0.4690516588025061,0.4916984872088138,0.4231350833350732,0.4799312045476417,0.4617478665350422,0.5244318101563213,0.3106989620787908,0.33520362932030057,0.4979790245368211,0.4220411438257269,0.39871969180362543,0.4017366345148643,0.560470251533381,0.2908144461541017,0.4865619116343759,0.293303267422223,0.4455407709303961,0.4106976783763039,0.4462858107307762,0.4531474696012088,0.5288189059853237,0.505574663694109,0.21547533691450227,0.4423851731227981,0.440963279835934,0.42215181872363305,0.5331764265074692,0.47483833899655326,0.5039941074248213,0.5416716727104061,0.39917806394350785,0.3797007350936332,0.4593648305982009,0.301032765632007,0.4453683346282511,0.47412829623217767,0.40729649903309306,0.3382542047032059,0.48642847241965215,0.3821144718278636,0.3950828633519402,0.5518255757720056,0.4368500325934609,0.3677249778512296,0.41101076272697423,0.3990209094687325
A94,0.6481273606456199,0.3930543615119597,0.5495210995430007,0.6787460958718234,0.5422523999921065,0.0,0.3241123775028545,0.30915565444201154,0.3257915214603917,0.43970669640370985,0.22236397390600826,0.46601399703799107,0.5015735435516535,0.6064726329472718,0.4775862604916349,0.6362504104059173,0.6464638230122957,0.5960169813531419,0.6358757916634286,0.5379105410389762,0.7478943850908033,0.6643875968255102,0.4377351823549883,0.5810061224164834,0.8342769745488452,0.6025518664944516,0.3791306597833699,0.5558717684428351,0.46520850138567527,0.33264552250900936,0.5044818397251376,0.5951069090665289,0.6533155026038797,0.6585701868678807,0.5458130605885498,0.5741780195386477,0.6744729439246906,0.6181041272784134,0.6349170669755311,0.5531715321727155,0.589352832647241,0.7214625098230225,0.6132275580302108,0.6857757305296583,0.38872413496880476,0.5265916316208694,0.444185343936096,0.5964259230661471,0.484482636356268,0.4364076090305391,0.7064829496026164,0.3948776818769235,0.4226511038989703,0.44663440784040276,0.5253739049641021,0.5445009248666084,0.4314890091403587,0.5320010047767891
A36,0.5378907024344213,0.3065126003156865,0.37631335754734163,0.5063575625891313,0.3408880797559136,0.3241123775028545,0.0,0.27151719551918063,0.3088218824374316,0.461227855678671,0.25944108855780046,0.33989506460906016,0.4211515689196903,0.4895808336119588,0.4109488439232818,0.5405358066564028,0.5347160526811734,0.4274708637555217,0.4161302265309673,0.4082870975095916,0.6814002924055584,0.46109876230951696,0.4171564679173455,0.3994733894001524,0.6150737810209312,0.3714832139811953,0.3255898611637009,0.3542484345525253,0.4195117715379546,0.3368558856115593,0.38048425527531327,0.4330733081469762,0.571093291583636,0.5322993005699346,0.36266651177399534,0.49726133400592665,0.4455233008877283,0.5647148698796527,0.6266171161752034,0.41147294395538525,0.5161448586462745,0.5842706170972625,0.44135714535047177,0.4888891020107393,0.3772993600016261,0.3971004687455272,0.43583208239731497,0.5339541710811782,0.3774869531807442,0.3111545044624108,0.4878683106304036,0.34703209523369927,0.280860235127975,0.4294091982685837,0.3278278428651322,0.4152600165530491,0.4023352045588744,0.3688669675446822
A42,0.5123331161750228,0.40341523575761196,0.48081048248736535,0.46024987821475183,0.5102838530281402,0.30915565444201154,0.27151719551918063,0.0,0.4887821881728587,0.4234768544218629,0.3048881561036296,0.4453054950503379,0.3699093154009452,0.4772958437547674,0.45197017525735306,0.6153055069557527,0.5734565885113263,0.3968774902131261,0.5153462686774812,0.5003965448022558,0.6969176734607063,0.5552486217558923,0.5589476415123951,0.5709190518453776,0.6666722982008123,0.6224853417388845,0.34054457463057264,0.47902583633369566,0.5044340646898529,0.4540558690427319,0.3423493208982219,0.49517184000274483,0.6409094176872426,0.48054299294245717,0.5607112107349397,0.4920313433177296,0.5341391093780786,0.6019288072156597,0.611357648100302,0.48553269849599245,0.6228049974596208,0.6598571593622025,0.5899999396080216,0.6573144154928601,0.4977043114832662,0.4807510026039452,0.44709107917495894,0.500020020398155,0.48095382647059026,0.3932065454777456,0.5267021988006122,0.3676063059609276,0.289220638376509,0.3854273100901112,0.36545100138416775,0.4110126631938641,0.4910777187783669,0.43935956867569337
A47,0.595193795085792,0.35861472375695536,0.48001503828647507,0.6777454588585888,0.49068148282828616,0.3257915214603917,0.3088218824374316,0.4887821881728587,0.0,0.459855356365392,0.41559068091769014,0.3876050647248387,0.5042646280493286,0.6029654276328995,0.4673008211078926,0.4448772735977169,0.525376453026823,0.5700824256224301,0.5528993882572141,0.5010367137002836,0.5608132588844825,0.5248559335956312,0.37832486331687976,0.35272224522979934,0.6812878500534209,0.49916498113489804,0.45019403745495523,0.4939183279952374,0.4207908723995988,0.2984765972493335,0.48405670092941455,0.5098230821327974,0.6032187861452996,0.5756003352998698,0.47875055195621574,0.6213305589482714,0.47415453152569476,0.49686056180309135,0.6455986550366203,0.427570689326224,0.3681798071647855,0.48095676346236926,0.4898817202767809,0.507184253068985,0.32128271232439864,0.47419204138854765,0.5427593973403836,0.5761483927758246,0.40790718326866593,0.3978553761783391,0.7170707060172785,0.4802689490476053,0.47383711751191326,0.5333789345440052,0.5427067510761066,0.4823688918572514,0.41719842541227237,0.4325781149207759
A59,0.47782907002586916,0.43635975826160744,0.5239099540199159,0.4479196791424832,0.4750871120328314,0.43970669640370985,0.461227855678671,0.4234768544218629,0.459855356365392,0.0,0.5292311749397423,0.4170103066435028,0.39233068535400295,0.47598629875621856,0.37800785503888246,0.5686035675110551,0.5184712241936038,0.4858255540309253,0.561893118005262,0.41371593504291704,0.5843573783641549,0.5585399281087948,0.4487790310288068,0.5805425303476894,0.6624025556900381,0.6588015198608276,0.451188644590391,0.4612528006601945,0.4477235706385314,0.3581067393210142,0.5488675392272757,0.5750167287201544,0.5606507242080977,0.5873067135198224,0.5968509925795462,0.40894324969907836,0.5282072166129244,0.5171614437068787,0.4913672231864593,0.5472929064849243,0.5696108643917446,0.6362625437092764,0.5902336504666974,0.5863509349937504,0.512504021966089,0.49905480722547524,0.4258974778760216,0.4829685220819252,0.566895188369271,0.42913708809676177,0.5363389466294102,0.47202711715514545,0.2953611042451655,0.38031939639558165,0.507537752081917,0.5366121625987756,0.5526486536314694,0.485556021248188
A75,0.6380431606646603,0.2837667600690543,0.5155470095767423,0.7050293218438917,0.4617307109863783,0.22236397390600826,0.25944108855780046,0.3048881561036296,0.41559068091769014,0.5292311749397423,0.0,0.39412237886156654,0.4882620953641803,0.5791630282706035,0.4300786712076632,0.5072592963346485,0.5088511112060847,0.5709784307246817,0.502434096758957,0.4670815606163006,0.6425770353882969,0.5692305930408921,0.47138687543880387,0.5170397559573132,0.6811484009327,0.4266270596519147,0.3424348981161299,0.456790017099155,0.3680517561250719,0.3801388747834594,0.37654974379797,0.5565044707718585,0.5828922928339413,0.6240867961985375,0.4140808769341161,0.5904933550474183,0.5728080931427608,0.6390024023798582,0.6565141465222704,0.4878651334398496,0.5749152857361834,0.6446369269383767,0.4481475049264899,0.6290899097567387,0.3603222807685773,0.40324977594758704,0.5097649237905878,0.6135974708153361,0.3101288179418379,0.45201895839110195,0.6450003773840145,0.3838577302778775,0.3892966190965348,0.5263926282869825,0.45768166570150526,0.45684536245647,0.38370661280175755,0.45271785177815793
A98,0.47794996618940855,0.37627799857214494,0.46453746408093566,0.5165912417337175,0.39663863677385225,0.46601399703799107,0.33989506460906016,0.4453054950503379,0.3876050647248387,0.4170103066435028,0.39412237886156654,0.0,0.3995617322597478,0.3906556008404093,0.35230007374879935,0.48604943863604644,0.5141507222435495,0.6248101958475472,0.4475960098538826,0.4354441387682194,0.3403406953689222,0.3568694816117972,0.37505683135130385,0.4311904063438161,0.5433828725107868,0.39595589875072024,0.48163636523746123,0.37006524494000903,0.4333315884009541,0.4039822502003029,0.4303305516315248,0.4229331906701742,0.46344853344867454,0.49733822347238255,0.3830648943956455,0.5834611208557109,0.4548982431976579,0.305520008185569,0.5064929629725431,0.48655151841149724,0.4507142338466783,0.4738414558863948,0.44014384347434765,0.3381260737356472,0.4035617919829294,0.42636083294244553,0.44178534071074826,0.5638791989812422,0.4176396210301243,0.42498033111115563,0.5937222892551273,0.48124109306589447,0.4007408634841566,0.48718656298253493,0.4316139418630073,0.3260269244902253,0.4612166676587376,0.3433923875250475
A40,0.47868642138638495,0.47137239540301934,0.36891381920017163,0.42007783320572856,0.4690516588025061,0.5015735435516535,0.4211515689196903,0.3699093154009452,0.5042646280493286,0.39233068535400295,0.4882620953641803,0.3995617322597478,0.0,0.45616900520155834,0.3483204562967659,0.5252756966753638,0.47260731172727466,0.5280896474626604,0.47941188406460467,0.386374897181619,0.5862153201712343,0.48569815284486406,0.5163540797082198,0.5172166622240846,0.5525182140401252,0.5804499722014328,0.39827700296899515,0.34856091076759865,0.49542749647515094,0.4957901037975687,0.5139310259652885,0.5350324697701008,0.6023147433586298,0.5653647175983161,0.5025530248487677,0.4429237992221535,0.47039564425961966,0.5793581481690222,0.5562048783634541,0.38317948667423907,0.6857248206483726,0.43146093274809383,0.4640000783124477,0.4749584765534093,0.3881845107260584,0.48679960189054494,0.3744725776464257,0.3318427429257188,0.6065819619021914,0.4004349013198556,0.4656786411716437,0.38365899381353785,0.3793168019659019,0.40480413439477014,0.37015587890672075,0.4705122828578948,0.49418616388608794,0.36333693106194975
A51,0.2435351770965516,0.531600324026381,0.35235678695731254,0.3470469173468732,0.4916984872088138,0.6064726329472718,0.4895808336119588,0.4772958437547674,0.6029654276328995,0.47598629875621856,0.5791630282706035,0.3906556008404093,0.45616900520155834,0.0,0.5492975208520374,0.5692865047103576,0.5486338567492942,0.4830857884324229,0.5250958158292485,0.5236816828801479,0.3975517042641362,0.4223272557596338,0.38427210844809134,0.4333957084185206,0.525908271677898,0.48292542261958005,0.45867967571025936,0.38153913245747284,0.5249507622799725,0.5174336515205689,0.4246601137338981,0.35285919615549444,0.45044613067080386,0.2610270840283838,0.5176342672372791,0.3735745011793167,0.3481258947028686,0.41809095397774865,0.4722258178339811,0.5648664516437683,0.5914012110355913,0.555893378353117,0.4925204346460219,0.568538884715645,0.5591372680022837,0.3477555022035639,0.5311403630609381,0.49421149453510116,0.5863389156587595,0.31887272000010414,0.2928673214342471,0.415684786453716,0.2989583458041505,0.49717380257562704,0.3413989177085023,0.5727140940171898,0.5110560460738599,0.3954826532507608
A57,0.5988519054524513,0.34654877692173025,0.3896529963844525,0.47409252508766553,0.4231350833350732,0.4775862604916349,0.4109488439232818,0.45197017525735306,0.4673008211078926,0.37800785503888246,0.4300786712076632,0.35230007374879935,0.3483204562967659,0.5492975208520374,0.0,0.4743637633222455,0.500438400499486,0.4850083587593501,0.4180373534028241,0.35492882615877563,0.492242149223327,0.3501151958374338,0.41127599234852563,0.5419254141468833,0.5061318694671888,0.5669043798426103,0.5090228730800679,0.4864839310771809,0.4533963133179506,0.5193440890229812,0.5131505700505136,0.5253058881547013,0.5188634076578208,0.6280325556015537,0.4007963554625491,0.5365072510557864,0.47827768310129415,0.4741545065067254,0.5106806501278095,0.5177985409095307,0.479010424228395,0.6131505475159966,0.5077202786448429,0.5572242664621956,0.31402221980981293,0.44029356625824856,0.48868371327274296,0.461071882756512,0.48327199645988617,0.47205574663241867,0.5846232264328264,0.4744967797038214,0.4166028511443376,0.5224337418726719,0.38775664471676596,0.3348550277233304,0.4749508556363278,0.4520073979461485
A2,0.5113346407816228,0.45310568941116114,0.500834894465976,0.5402273402755067,0.4799312045476417,0.6362504104059173,0.5405358066564028,0.6153055069557527,0.4448772735977169,0.5686035675110551,0.5072592963346485,0.48604943863604644,0.5252756966753638,0.5692865047103576,0.4743637633222455,0.0,0.43980589924013724,0.6086444066603585,0.3759794422221151,0.4259278111525163,0.4515172255009501,0.5159695994720374,0.5605896774952805,0.39255952047258036,0.43262326246642124,0.5054847195093459,0.4946942509014679,0.5125200190281216,0.429134113829451,0.43636348584480156,0.3744800908913918,0.4906515013018228,0.38905986962048134,0.5196180556445296,0.44561779480206964,0.6358550526873065,0.4525331849199302,0.5299963695327448,0.6269590122376532,0.5179799156589073,0.34498935504478545,0.4309122314791328,0.47709676392802514,0.4492260334347623,0.49644542190085994,0.3588629592336787,0.6516864425285087,0.5676505304087462,0.44794805519443404,0.5154688825922077,0.6407024868647826,0.4774384049284196,0.5212901197605653,0.6541820724641015,0.5853162968547976,0.4193072171016392,0.5193761607373008,0.4219290554268368
A28,0.6751679556266128,0.4612954367195713,0.48893935257603316,0.7056196520744753,0.4617478665350422,0.6464638230122957,0.5347160526811734,0.5734565885113263,0.525376453026823,0.5184712241936038,0.5088511112060847,0.5141507222435495,0.47260731172727466,0.5486338567492942,0.500438400499486,0.43980589924013724,0.0,0.497637294158106,0.40524701531452934,0.5980818283335998,0.4777689419203385,0.5050867180104033,0.6361693380094801,0.43738874745243295,0.579157789103216,0.5106017077590085,0.47119111092405774,0.4332583820183209,0.409177971623767,0.5282195104489975,0.514824636371618,0.495887391267133,0.564707059857694,0.5776085315661319,0.4410574743687412,0.5679393068678621,0.4691862827999608,0.5156741303377612,0.45964451975175036,0.5221676867566807,0.5124617263321316,0.5288521724014703,0.40568125194119575,0.5480249075133834,0.5889441531985555,0.406552516084432,0.7547256533115025,0.4212433539787672,0.4138309416931013,0.5469640947019012,0.707455822138401,0.649697706668789,0.5652230116494917,0.7109258135247962,0.5688980235643324,0.5176541444947461,0.5003804803194742,0.5073324562747357
A85,0.47242472122409995,0.5030376681489221,0.4313354735097005,0.4899411023583926,0.5244318101563213,0.5960169813531419,0.4274708637555217,0.3968774902131261,0.5700824256224301,0.4858255540309253,0.5709784307246817,0.6248101958475472,0.5280896474626604,0.4830857884324229,0.4850083587593501,0.6086444066603585,0.497637294158106,0.0,0.4550448954497973,0.6321278256282665,0.740037210257673,0.5307340640191742,0.5301968419124967,0.5335359221134153,0.6347777240842328,0.6328486177426955,0.5978001153455839,0.44453421889633504,0.6094777070044153,0.5990018098986968,0.45542791659535975,0.38696663501412576,0.6657440443686975,0.4035173684724179,0.44998644282147504,0.4123300964231996,0.47502174502626704,0.5126855263515109,0.498671609018164,0.374470966984495,0.7036714103226371,0.7443821999285003,0.6178932907507307,0.6589007583776373,0.5540895686378914,0.4552411348335733,0.6627269193752827,0.4474868115422257,0.4974426854880979,0.4322152906148873,0.44593475356955814,0.48621574147351354,0.387824866077793,0.5492616455302566,0.47931042553373326,0.5447745857985262,0.4586651198310182,0.44932292771353033
A95,0.5913406827868519,0.37080061779703233,0.33604797237516526,0.4976158484419838,0.3106989620787908,0.6358757916634286,0.4161302265309673,0.5153462686774812,0.5528993882572141,0.561893118005262,0.502434096758957,0.4475960098538826,0.47941188406460467,0.5250958158292485,0.4180373534028241,0.3759794422221151,0.40524701531452934,0.4550448954497973,0.0,0.4703055153292245,0.4526325373385387,0.4281804732237341,0.5120527652706808,0.4050347859410026,0.4845995824746847,0.35563866430210556,0.5330140255066549,0.24997359449246181,0.5109664600251967,0.4964878728198071,0.3663313890352029,0.44194444475558314,0.4867710668998375,0.5047791967602129,0.32562110006544887,0.5448281516871882,0.36351803977369956,0.45709787777497946,0.5605355683349811,0.4173135366746663,0.4138179704302074,0.5755784326333389,0.39666096885778845,0.33119900731640617,0.4180793907956837,0.2750809050369515,0.6358816933407729,0.4252135133660807,0.37254555522248234,0.41182541956444385,0.5639185408449363,0.4955822724618292,0.45241960926718405,0.6685581321829106,0.4676704603184212,0.254140769160363,0.43154673028169177,0.4125420987298184
A7,0.5338128723241811,0.49986563674911155,0.5334478276048136,0.44139943408602955,0.33520362932030057,0.5379105410389762,0.4082870975095916,0.5003965448022558,0.5010367137002836,0.41371593504291704,0.4670815606163006,0.4354441387682194,0.386374897181619,0.5236816828801479,0.35492882615877563,0.4259278111525163,0.5980818283335998,0.6321278256282665,0.4703055153292245,0.0,0.5299588376831761,0.43277374102003774,0.4339898385076191,0.524540481681214,0.40880460429495924,0.4901827549228217,0.38556203016074975,0.4622816699192126,0.4739040894376202,0.3996566488983391,0.395241045884946,0.588190000833023,0.36177114161874835,0.6597981083511423,0.4297163394631617,0.44980858690643455,0.4999393538973388,0.5733662569255195,0.6553735143490103,0.5392916626725938,0.577184415035626,0.5012078331786503,0.46966507890086817,0.516898774246549,0.42242296194658147,0.44273632143401853,0.4404012942020106,0.5032904710118893,0.551539523893255,0.4515591394576678,0.4735581202277692,0.35193706747740494,0.4033562620968373,0.49173411294191427,0.4264672655550067,0.4863226938451797,0.5788951334928802,0.48330444391479965
A12,0.5134039956755507,0.5645697599268306,0.4967325326278389,0.5801394927322749,0.4979790245368211,0.7478943850908033,0.6814002924055584,0.6969176734607063,0.5608132588844825,0.5843573783641549,0.6425770353882969,0.3403406953689222,0.5862153201712343,0.3975517042641362,0.492242149223327,0.4515172255009501,0.4777689419203385,0.740037210257673,0.4526325373385387,0.5299588376831761,0.0,0.3012599566100008,0.45778691716416586,0.4413463447784851,0.5231496612508754,0.41314314651698947,0.5807719073682891,0.4824558028978817,0.5188548171445493,0.49729626202599164,0.44560009045545457,0.3942474710148688,0.36839761749339806,0.4697392355847322,0.4722553796810868,0.6632702488001834,0.3531248559257667,0.344035286344484,0.5158502803295264,0.6444920885412361,0.4535089487727544,0.40183051888834287,0.4332168659288943,0.3847145995373972,0.55580200050692,0.4809698431674039,0.7595999964466793,0.5584216752368398,0.4947447620418157,0.5159453700307683,0.6336387696482515,0.6482734721475713,0.5550789452158897,0.76183364444591,0.6272750794178343,0.3954039321900036,0.5458562406663569,0.4737091712850142
A13,0.5165207832280396,0.5182664181199164,0.384767305375491,0.44888956945003133,0.4220411438257269,0.6643875968255102,0.46109876230951696,0.5552486217558923,0.5248559335956312,0.5585399281087948,0.5692305930408921,0.3568694816117972,0.48569815284486406,0.4223272557596338,0.3501151958374338,0.5159695994720374,0.5050867180104033,0.5307340640191742,0.4281804732237341,0.43277374102003774,0.3012599566100008,0.0,0.47869681634474914,0.4024760359142199,0.38968584269624507,0.40320838960397165,0.5074107062564485,0.44204885932288995,0.5592754386668697,0.48142690152214485,0.3872332397899292,0.34542756044899225,0.4818321576292868,0.465393798865124,0.40977364482798095,0.6250678063137689,0.3356055664979031,0.4130467885349365,0.546664018365055,0.5102375130270721,0.5372068106246688,0.37632503484704216,0.4639601338860906,0.4189650382025787,0.5142321243488988,0.45266761818150236,0.6520078159745193,0.4684838242731545,0.5283874120925962,0.4308784744534776,0.5163058006991725,0.5196773800383445,0.42636258356176926,0.6613809030776794,0.39707122411179496,0.4135371019904124,0.47170524453571816,0.37443915490644586
A31,0.501814982022163,0.4112343724363867,0.4166210155185114,0.5454132549577403,0.39871969180362543,0.4377351823549883,0.4171564679173455,0.5589476415123951,0.37832486331687976,0.4487790310288068,0.47138687543880387,0.37505683135130385,0.5163540797082198,0.38427210844809134,0.41127599234852563,0.5605896774952805,0.6361693380094801,0.5301968419124967,0.5120527652706808,0.4339898385076191,0.45778691716416586,0.47869681634474914,0.0,0.4069194563829226,0.6881461623324727,0.4328502623760849,0.51567031017533,0.40224827069595914,0.5064072078828887,0.40566886073108244,0.5346438544754853,0.4770394393770617,0.5319884532604153,0.47351333917349103,0.4133573949000213,0.44041620863846154,0.4186404320468299,0.43860838977296046,0.529509997451945,0.4417080912933459,0.5571687864133337,0.5010246497380441,0.5164355872794868,0.48032840842341207,0.26871359350675983,0.39577639351507776,0.5382024368675342,0.5464355830003508,0.5292448251536876,0.34443965587454994,0.5235533948844029,0.3758972591783615,0.3297923338764742,0.5064512314631953,0.4426867676447762,0.4635398658098766,0.346045785707796,0.34140945902151465
A50,0.4956124738000113,0.46274516077607686,0.4393198295450992,0.5246877535586614,0.4017366345148643,0.5810061224164834,0.3994733894001524,0.5709190518453776,0.35272224522979934,0.5805425303476894,0.5170397559573132,0.4311904063438161,0.5172166622240846,0.4333957084185206,0.5419254141468833,0.39255952047258036,0.43738874745243295,0.5335359221134153,0.4050347859410026,0.524540481681214,0.4413463447784851,0.4024760359142199,0.4069194563829226,0.0,0.5730335681609513,0.38374207872691546,0.4130587391445162,0.40247721484420707,0.44268842444181034,0.3956705507282259,0.41940234740191895,0.4082664392623855,0.44107671785354385,0.4213186858076984,0.3744568923525081,0.5234681341944611,0.2616170697100081,0.4644324902301774,0.645243647210294,0.43051734663183994,0.3406214400095592,0.3062555178241593,0.40173499738893936,0.39724946715174037,0.4360077600973816,0.37956062059756235,0.6235764292117458,0.5886881822088197,0.3969776768049391,0.3946978584217189,0.6017817235872673,0.4793123941136692,0.44521635948068905,0.6206412318514112,0.4770955700093542,0.46110808308956164,0.5128542271885239,0.3435253096547649
A53,0.43329552343823097,0.7039566525223304,0.5790640484586446,0.4398246350082602,0.560470251533381,0.8342769745488452,0.6150737810209312,0.6666722982008123,0.6812878500534209,0.6624025556900381,0.6811484009327,0.5433828725107868,0.5525182140401252,0.525908271677898,0.5061318694671888,0.43262326246642124,0.579157789103216,0.6347777240842328,0.4845995824746847,0.40880460429495924,0.5231496612508754,0.38968584269624507,0.6881461623324727,0.5730335681609513,0.0,0.49343996618020125,0.5660432501233037,0.5430287382895476,0.5910537380435972,0.6012249030189284,0.4462434099565894,0.5244568218421171,0.3489459739842695,0.6341628235267599,0.6170516142636386,0.5921800216912495,0.5475016648044111,0.6101944899589036,0.5689513721137045,0.5501154265902857,0.5762862240403085,0.5474256651591916,0.5110726160610375,0.4852546486252324,0.6608822007759056,0.5307010862221968,0.6721441387168398,0.5236052183640504,0.6205320996518933,0.6496337046350676,0.5303947853335378,0.5765871015075024,0.6210361737844939,0.6082065513713273,0.48064025569046065,0.5349277515587676,0.7219060829374087,0.6625385511483435
A96,0.5453677939564929,0.4541363953054196,0.37284153527093145,0.6086441434300082,0.2908144461541017,0.6025518664944516,0.3714832139811953,0.6224853417388845,0.49916498113489804,0.6588015198608276,0.4266270596519147,0.39595589875072024,0.5804499722014328,0.48292542261958005,0.5669043798426103,0.5054847195093459,0.5106017077590085,0.6328486177426955,0.35563866430210556,0.4901827549228217,0.41314314651698947,0.40320838960397165,0.4328502623760849,0.38374207872691546,0.49343996618020125,0.0,0.46644655107932453,0.33186167184614124,0.4217747500954554,0.4236005307941827,0.39378600115168116,0.4115515721664841,0.4024825698145573,0.5730627499185054,0.2882898761545779,0.5677041926555532,0.4472545855396681,0.5458085605783822,0.5701868546478719,0.48315471848454605,0.4896708513645942,0.5057078019319454,0.3086749941011092,0.3276520932277249,0.531902303327252,0.4022679856917497,0.66857480236457,0.5829439994537151,0.3736594347745378,0.46908115807120265,0.5759620330812198,0.5176449741100786,0.48499516906169704,0.7272958044636679,0.5079159855718645,0.49598719780191136,0.44687363570972305,0.43584323431268523
A22,0.5278605913644201,0.5123823157921368,0.5112064485277494,0.4241182091712352,0.4865619116343759,0.3791306597833699,0.3255898611637009,0.34054457463057264,0.45019403745495523,0.451188644590391,0.3424348981161299,0.48163636523746123,0.39827700296899515,0.45867967571025936,0.5090228730800679,0.4946942509014679,0.47119111092405774,0.5978001153455839,0.5330140255066549,0.38556203016074975,0.5807719073682891,0.5074107062564485,0.51567031017533,0.4130587391445162,0.5660432501233037,0.46644655107932453,0.0,0.3992580868815755,0.3493521659374911,0.2946225795051248,0.30029019744575847,0.5429015406835143,0.3767491467205232,0.5452974020939483,0.5478756066346466,0.4390239883246646,0.37063109575881403,0.6635010050437518,0.6213492066158205,0.5286816639982361,0.5167168748182396,0.4745691359084009,0.5030795920300543,0.54305515170143,0.482988529657713,0.5083584438238294,0.5150962056767,0.5249773177256287,0.4733483318426004,0.38611667929193494,0.5225045874059584,0.4102558013753539,0.3711424633129343,0.4665435906623292,0.45128404242795095,0.53571822984118,0.5315728031541657,0.47713339067731586
A44,0.5108354282273712,0.399102761102174,0.3282835790289089,0.4256096906608706,0.293303267422223,0.5558717684428351,0.3542484345525253,0.47902583633369566,0.4939183279952374,0.4612528006601945,0.456790017099155,0.37006524494000903,0.34856091076759865,0.38153913245747284,0.4864839310771809,0.5125200190281216,0.4332583820183209,0.44453421889633504,0.24997359449246181,0.4622816699192126,0.4824558028978817,0.44204885932288995,0.40224827069595914,0.40247721484420707,0.5430287382895476,0.33186167184614124,0.3992580868815755,0.0,0.40268541827278637,0.3863558206530002,0.3886802997918116,0.42621782584653,0.5591977154894422,0.41904357822451765,0.35584333931593326,0.39355594147008655,0.3122114858849795,0.44431350526064206,0.5001407231743457,0.36240411799779415,0.561270650425699,0.4692742028632746,0.3633576055443334,0.3109045532359105,0.4296457730344747,0.30621428511476645,0.49126820075790756,0.3496496752962126,0.38893739364054936,0.3005857584171693,0.45591012231611716,0.4328054830441076,0.3097997338306131,0.5993864118264925,0.39261570704551085,0.3852643607670122,0.3927028754159585,0.33338775498020223
A46,0.6374948630458608,0.3696979017362757,0.4627988759798911,0.668449564327211,0.4455407709303961,0.46520850138567527,0.4195117715379546,0.5044340646898529,0.4207908723995988,0.4477235706385314,0.3680517561250719,0.4333315884009541,0.49542749647515094,0.5249507622799725,0.4533963133179506,0.429134113829451,0.409177971623767,0.6094777070044153,0.5109664600251967,0.4739040894376202,0.5188548171445493,0.5592754386668697,0.5064072078828887,0.44268842444181034,0.5910537380435972,0.4217747500954554,0.3493521659374911,0.40268541827278637,0.0,0.2879725445047321,0.38061560052567744,0.5737645185988448,0.4393188737712289,0.5636821428392671,0.39495467116655225,0.48283081405649564,0.5070129182868548,0.541490854470905,0.5160984479088353,0.5758407378194297,0.5063711514498543,0.5342168237581191,0.3888355371800093,0.5343201030270537,0.4776213914517049,0.42969970276993064,0.5981749942010164,0.4814009319827368,0.2887077190581202,0.5295569519337283,0.6596974145005094,0.5352015964942021,0.4557848341785188,0.6238783259979442,0.5014279855858277,0.5070163502739375,0.4824525251223942,0.4248338105578061
A64,0.5349830579223587,0.3885345840209993,0.4660470458516579,0.5389241307103996,0.4106976783763039,0.33264552250900936,0.3368558856115593,0.4540558690427319,0.2984765972493335,0.3581067393210142,0.3801388747834594,0.4039822502003029,0.4957901037975687,0.5174336515205689,0.5193440890229812,0.43636348584480156,0.5282195104489975,0.5990018098986968,0.4964878728198071,0.3996566488983391,0.49729626202599164,0.48142690152214485,0.40566886073108244,0.3956705507282259,0.6012249030189284,0.4236005307941827,0.2946225795051248,0.3863558206530002,0.2879725445047321,0.0,0.30662996695090705,0.5316201602267671,0.41933796212661123,0.5531326095998587,0.49586129126417544,0.5382533154025506,0.4420348452118458,0.46531324332242263,0.5677716005540593,0.4908520414966946,0.48867752582656265,0.5031459285335498,0.4687494234913191,0.44427376534719476,0.4638565972785561,0.47725805621758344,0.5213221947675959,0.4481310493110541,0.4226613378618844,0.38919813784431356,0.572050525562677,0.4341060654879427,0.364778121124828,0.5227024507280259,0.5191683185331637,0.5140848358653944,0.45618685138197135,0.3966296475266563
A99,0.490747053694506,0.42951458079579596,0.4520841837082509,0.4498126821190509,0.4462858107307762,0.5044818397251376,0.38048425527531327,0.3423493208982219,0.48405670092941455,0.5488675392272757,0.37654974379797,0.4303305516315248,0.5139310259652885,0.4246601137338981,0.5131505700505136,0.3744800908913918,0.514824636371618,0.45542791659535975,0.3663313890352029,0.395241045884946,0.44560009045545457,0.3872332397899292,0.5346438544754853,0.41940234740191895,0.4462434099565894,0.39378600115168116,0.30029019744575847,0.3886802997918116,0.38061560052567744,0.30662996695090705,0.0,0.40733964400939304,0.3160783465390913,0.43111350738673704,0.41698072814580256,0.5144402416214916,0.3751591191653054,0.4660809918568114,0.5920595524403087,0.48794552584324424,0.4970887098344121,0.5306156042193301,0.4227780986918551,0.5000027667726015,0.5233371990947505,0.40421509377597276,0.6550270765806814,0.4812609356025348,0.3707067517889562,0.39325414258690006,0.47063147012900364,0.3720512958040242,0.3709855211634481,0.6077682895727726,0.47050435698805304,0.40970733838443196,0.45674553988218647,0.3989746958264345
A17,0.380695972539861,0.5114930392562,0.3985837650561984,0.46033714090856614,0.4531474696012088,0.5951069090665289,0.4330733081469762,0.49517184000274483,0.5098230821327974,0.5750167287201544,0.5565044707718585,0.4229331906701742,0.5350324697701008,0.35285919615549444,0.5253058881547013,0.4906515013018228,0.495887391267133,0.38696663501412576,0.44194444475558314,0.588190000833023,0.3942474710148688,0.34542756044899225,0.4770394393770617,0.4082664392623855,0.5244568218421171,0.4115515721664841,0.5429015406835143,0.42621782584653,0.5737645185988448,0.5316201602267671,0.40733964400939304,0.0,0.4995741075025567,0.25825239215068363,0.3599773475085418,0.5272910129186319,0.33172170110951704,0.3767958923938628,0.3608286195052014,0.43527329616185195,0.5294244167970543,0.50200965484878,0.43568771265477546,0.4273869734941612,0.5736421398222402,0.36052859662412473,0.6173104762148123,0.5007396113478726,0.5336560240336765,0.34594325075676424,0.486124519857174,0.50496104621614,0.41269892187281565,0.5216303337852033,0.4788792016829555,0.48529920864198983,0.49585184682300265,0.3696734334079971
A21,0.4475414537818756,0.6373047227267983,0.5977506318606369,0.4506844169583297,0.5288189059853237,0.6533155026038797,0.571093291583636,0.6409094176872426,0.6032187861452996,0.5606507242080977,0.5828922928339413,0.46344853344867454,0.6023147433586298,0.45044613067080386,0.5188634076578208,0.38905986962048134,0.564707059857694,0.6657440443686975,0.4867710668998375,0.36177114161874835,0.36839761749339806,0.4818321576292868,0.5319884532604153,0.44107671785354385,0.3489459739842695,0.4024825698145573,0.3767491467205232,0.5591977154894422,0.4393188737712289,0.41933796212661123,0.3160783465390913,0.4995741075025567,0.0,0.5894185943780261,0.5294833227147033,0.45798244057139403,0.4165111615700414,0.49163596585979463,0.5581949152346848,0.6116648003449505,0.4641293264983143,0.5636375802470628,0.45468755638919867,0.4804940576233623,0.636958098985831,0.5395365744679127,0.7219595182702881,0.5879256301672562,0.507706945328317,0.5662453407431061,0.5367727502461417,0.5056761079592103,0.5514866653716688,0.5983901869188766,0.6028933404228141,0.5220223173080352,0.6844154866562286,0.5610540109988216
A41,0.3138170008736785,0.5331393323259622,0.3851605991471624,0.40618916102957314,0.505574663694109,0.6585701868678807,0.5322993005699346,0.48054299294245717,0.5756003352998698,0.5873067135198224,0.6240867961985375,0.49733822347238255,0.5653647175983161,0.2610270840283838,0.6280325556015537,0.5196180556445296,0.5776085315661319,0.4035173684724179,0.5047791967602129,0.6597981083511423,0.4697392355847322,0.465393798865124,0.47351333917349103,0.4213186858076984,0.6341628235267599,0.5730627499185054,0.5452974020939483,0.41904357822451765,0.5636821428392671,0.5531326095998587,0.43111350738673704,0.25825239215068363,0.5894185943780261,0.0,0.4793530156710818,0.44678761799116407,0.3299957929773425,0.4068712960883063,0.46605690676744227,0.48195252364859187,0.5726619386736165,0.54306450094734,0.5781101208879165,0.5542859180689816,0.5872080493103378,0.3548965472930471,0.6368369136079959,0.4861624470710538,0.5674414084440356,0.3207061295820335,0.3638154256870696,0.5089651970997819,0.4047935371638397,0.5712115850686701,0.4948705406337933,0.5342681640540667,0.5142466214102732,0.3787839473069968
A72,0.5901372391176795,0.3873697991954058,0.36960693059048344,0.6633929055270065,0.21547533691450227,0.5458130605885498,0.36266651177399534,0.5607112107349397,0.47875055195621574,0.5968509925795462,0.4140808769341161,0.3830648943956455,0.5025530248487677,0.5176342672372791,0.4007963554625491,0.44561779480206964,0.4410574743687412,0.44998644282147504,0.32562110006544887,0.4297163394631617,0.4722553796810868,0.40977364482798095,0.4133573949000213,0.3744568923525081,0.6170516142636386,0.2882898761545779,0.5478756066346466,0.35584333931593326,0.39495467116655225,0.49586129126417544,0.41698072814580256,0.3599773475085418,0.5294833227147033,0.4793530156710818,0.0,0.5190076839685284,0.4759808935826013,0.40713971111945446,0.5180592650036681,0.42979979423407033,0.509090070146095,0.5640748419061128,0.334656659214556,0.4665168317111036,0.42029771191448584,0.2950818754305301,0.6136810164073399,0.5528568518708279,0.34187283883560193,0.4458790109162416,0.580067371341543,0.4658540470283834,0.4998747144077683,0.6960840912278408,0.4806431150194247,0.4083003520512629,0.38639377184868795,0.37116036311661404
A88,0.4354369119681376,0.5279433383182601,0.45793446705435636,0.4409720402879841,0.4423851731227981,0.5741780195386477,0.49726133400592665,0.4920313433177296,0.6213305589482714,0.40894324969907836,0.5904933550474183,0.5834611208557109,0.4429237992221535,0.3735745011793167,0.5365072510557864,0.6358550526873065,0.5679393068678621,0.4123300964231996,0.5448281516871882,0.44980858690643455,0.6632702488001834,0.6250678063137689,0.44041620863846154,0.5234681341944611,0.5921800216912495,0.5677041926555532,0.4390239883246646,0.39355594147008655,0.48283081405649564,0.5382533154025506,0.5144402416214916,0.5272910129186319,0.45798244057139403,0.44678761799116407,0.5190076839685284,0.0,0.4550005752294116,0.507893754245955,0.4652683866791776,0.4099400625507492,0.6407297542852668,0.6608040061988287,0.5643872983442956,0.6003252426226381,0.5255093437836071,0.44129759992289586,0.5174828029123402,0.5025907467932199,0.517062431218493,0.42944991156887746,0.3385676407649091,0.39140886769869443,0.40594880009378453,0.4478042136925452,0.4145767268497831,0.5603257279573929,0.5513662303565703,0.5476303195779667
