,A4,A35,A58,A63,A89,A94,A36,A42,A47,A59,A75,A98,A40,A51,A57,A2,A28,A85,A95,A7,A12,A13,A31,A50,A53,A96,A22,A44,A46,A64,A99,A17,A21,A41,A72,A88,A92,A15,A16,A23,A70,A8,A20,A49,A71,A78,A87,A100,A55,A62,A68,A5,A24,A27,A48,A74,A77,A82
A4,0.0,0.5258282121338296,0.3858685304961892,0.38413345580767866,0.9980751490366184,0.6302330568405463,0.5132558562597163,0.517685601614333,0.49013134905365685,0.5093805222798309,0.5047594879451616,0.3802959413966567,0.4625156046797966,0.26206601861896694,0.5526019273643742,0.45894264569353094,0.5768847003662383,0.4884375612512837,0.523692802526486,0.4858047283396135,0.42168696338263123,0.48597249455829317,0.47280564268558456,0.47445559088122913,0.42901436729727305,0.49820483159931916,0.5130733347968846,0.4814852076555892,0.545260140246407,0.9991693916506111,0.44639051158800147,0.4256509034674192,0.4340355086426594,0.38565802675260563,0.518731312018402,0.5679219693173039,0.4662516007793992,0.44303844498807887,0.5647986844763178,0.4716303581117153,0.5396555836533922,0.5468565530893087,0.43388732473955405,0.5035855350548226,0.4843426005869015,1.0039603968663329,0.4449702982977478,0.47993460890155115,0.5640294896951705,0.37345141556035855,0.3342865348781121,0.41524739444591163,0.41854781936372243,0.40675111277807185,0.4622997340231584,0.5626120789243994,0.4823107580734094,0.42471802180113283
A35,0.5258282121338296,0.0,0.3257778347162287,0.5686973772043589,0.9996000422736462,0.47228112060117866,0.35167863010261036,0.46387122524489344,0.3852970813782999,0.4168378259440363,0.3270456482340598,0.35127524666605014,0.4974975523455313,0.47770522951045635,0.3451529280778881,0.3756680020832328,0.43180871046668845,0.5304543191761144,0.3540088757157269,0.417178829213095,0.4323843498663692,0.46520055248296055,0.37107519839743786,0.4095802910120421,0.5867147892961357,0.36924795346676875,0.46734757591239795,0.3742043060630055,0.32847783724408286,1.0000305789418,0.41301335090635094,0.4869506338317603,0.48459673545036186,0.4662874510565499,0.35225590067824286,0.5105969941449958,0.44439439145568016,0.43503290585294796,0.5692386905943768,0.4936606654257305,0.3774639070900845,0.5482726196071934,0.3972158221015438,0.3972900105464955,0.35441506878048223,0.9982162164599551,0.4785908924869804,0.43278432085626073,0.3454549817756174,0.3488538604783463,0.5123218333902207,0.36959516463967923,0.3814025314487548,0.5113211694878737,0.4302044881289856,0.37100688789918734,0.3374151932937205,0.37576536763963053
A58,0.3858685304961892,0.3257778347162287,0.0,0.4673188798013348,0.9955104380193796,0.49442831294193124,0.35903222136160784,0.4637941747200368,0.4006815099582286,0.5177764458030385,0.4506823972305558,0.38391224781216093,0.3976243574625964,0.3938306285838048,0.3621138386504985,0.4773435201766081,0.4950134189412323,0.5270032202061325,0.34123463062613013,0.48166249473394684,0.4504971052569272,0.40515432539623253,0.4070281004238021,0.45446220676374804,0.5680972656031722,0.3340784846125042,0.4918919243588371,0.3921445521260142,0.4202042516789639,1.0017087911686506,0.4652126971104297,0.42401347451415283,0.5400701073444641,0.44941086708157796,0.36252083312825223,0.565295217578837,0.44753514086598833,0.46663773505990835,0.4809561803437684,0.4867973621321189,0.44376786355544917,0.5379801479560316,0.4556726079527825,0.46947527429043723,0.409607807436167,1.001165098069882,0.41076336697141524,0.38797126606159327,0.5469434858448287,0.3392179503973619,0.42300638256804,0.43721711260690577,0.38877130016648453,0.4963486486125729,0.35545097844626206,0.44031672951231815,0.3692124569274148,0.36609580838848155
A63,0.38413345580767866,0.5686973772043589,0.4673188798013348,0.0,0.9995684121047063,0.6479542722012461,0.4424161796213695,0.40269151672428016,0.5566966986164499,0.4751661671909384,0.5805428006122084,0.4211678066035275,0.3998747128261665,0.3789467569471462,0.3987928398751386,0.47803435132266625,0.5906044953200238,0.4665682481901079,0.3935163345537376,0.4106369217279795,0.514873384689575,0.4195198969980176,0.4940171161716618,0.4696516092464611,0.43801423634779524,0.5548321101765434,0.40518651890075974,0.40630159850794134,0.5702459250119251,0.9992915548997252,0.42173475073722644,0.47789162241192706,0.43410891404881147,0.47711523261366373,0.5633298242565599,0.5466331721801458,0.37098639629960894,0.5124142001631364,0.5446155211130498,0.5210031321953607,0.4981479806008786,0.5377994670567058,0.4664900319249893,0.4786633209558413,0.5092885853786442,1.0021589110979099,0.41384995787191714,0.4528916319689176,0.5670304084789562,0.4041126448453769,0.38539337696513687,0.4606293836619393,0.3655939205910296,0.3857462688440172,0.35353992225413566,0.4336974784505806,0.637770129933168,0.4643784231730501
A89,0.9980751490366184,0.9996000422736462,0.9955104380193796,0.9995684121047063,0.0,1.0009808050742992,0.9982860197721198,0.9959536786069442,1.0002655874780275,0.9993412049923602,0.9991931887076643,0.999455008069665,0.9989614123251568,0.9983310025948177,0.9993517311133209,1.0013173647794007,0.9986225247191853,0.9981415457763322,1.0008709971424956,1.001347052641412,1.0028719267759456,0.9998088574933462,1.0003163052030792,0.9987319844472696,0.998694211747381,0.9988387000553374,1.000024684092827,1.0019603029011528,1.0007430056076274,1.000015382028409,1.001526552409486,0.9996236415505708,1.0021206710816832,0.9982335352844974,1.0001037527285972,0.9988324219415259,1.002053789092847,1.000958953308293,0.9967222874071304,1.0005036879589106,0.9993083606801093,1.000084794492774,0.9992679123183369,1.0010192132541953,1.0015071823738666,1.0000153820284088,0.9991008912918663,1.0014252386668299,1.0041424216563402,1.0010727456854533,0.9980959152187034,1.0017621051404324,0.9999968346626309,0.997662438519208,0.9969894822588712,1.0000590961782228,0.9990377017212466,0.9999124383343662
A94,0.6302330568405463,0.47228112060117866,0.49442831294193124,0.6479542722012461,1.0009808050742992,0.0,0.39325782359022143,0.38941639682933993,0.3479855211062456,0.5145195316405722,0.27201848909974014,0.48488377142895267,0.5124901261628305,0.5353582179316169,0.48350973297756883,0.6060553320027762,0.5516007418914886,0.5629075700974276,0.567141192128604,0.4965502107519436,0.582605750783941,0.5215996159022638,0.411494115820191,0.5134985359987114,0.728348247035101,0.5109990475239573,0.36585420030200266,0.49926835488157895,0.4211895817920067,0.9991707275428466,0.4724044957869763,0.4789594190883777,0.5675701341296514,0.588758601995311,0.45584937986683727,0.6523064976888875,0.6369189671440665,0.5750314373256337,0.5540106664232597,0.5728433777862818,0.5772573667980273,0.6131234022364065,0.485729764231142,0.6033627348467783,0.3988922358575885,0.9990249666122214,0.4795472492877514,0.5016890170311015,0.480195879666345,0.41022563982077764,0.7076995270629093,0.4579165046664888,0.44510158545099965,0.5201178175908469,0.5268615502453278,0.5902573780006342,0.4116100134610756,0.4675874222143962
A36,0.5132558562597163,0.35167863010261036,0.35903222136160784,0.4424161796213695,0.9982860197721198,0.39325782359022143,0.0,0.30700028697209913,0.3284148952842951,0.5091967378548259,0.3222414120198084,0.3474632642512152,0.4497363473749192,0.44413897590570317,0.4183870314927861,0.5157791668080478,0.4748990259545234,0.41656154451727345,0.38557148746930314,0.39352456270214387,0.5585533442854591,0.4078081456579097,0.386799530445032,0.3455794927430975,0.5504247331622494,0.31505094456564553,0.3241291105825469,0.3520962006557895,0.4189161168213785,1.0008798830075931,0.4001858891705158,0.39327021096291315,0.48460355241251185,0.5002165682179238,0.3242114887237255,0.539913148287934,0.4020947318619261,0.5415069219834199,0.5998183850386206,0.43512978616122666,0.45584284217865356,0.5035242461253832,0.364474265355862,0.42928741007474736,0.3821910805056239,0.9969389175186452,0.47352024397329096,0.5092642488438899,0.39077146252088424,0.3325716554875847,0.48397599235373956,0.43166177906802317,0.30493689160837756,0.45806842886209886,0.32997814887238275,0.45022360278511,0.47133149914802674,0.382030524538301
A42,0.517685601614333,0.46387122524489344,0.4637941747200368,0.40269151672428016,0.9959536786069442,0.38941639682933993,0.30700028697209913,0.0,0.501687587474094,0.5185578651070784,0.3259301688660483,0.43350359459776333,0.42241701706620993,0.4524542208014689,0.46424166495950314,0.5400821195637594,0.48308440732172575,0.4062640336770317,0.43476011087221567,0.46045346087787353,0.5272040434954613,0.4427949383075641,0.5295263207169121,0.47531904176492834,0.5996914957637994,0.5003469753042034,0.3344095138554507,0.4458891692295188,0.4471603519587857,1.00021272276681,0.33209994669999,0.42673892208013486,0.5736122542475626,0.4080260005344165,0.45735078209964963,0.5887189555062984,0.4769652405989796,0.5840919416964554,0.5853743949889261,0.5000430136341301,0.565779423611345,0.5440569052664369,0.44291924145176176,0.5663054781266097,0.48484308732110515,0.9996663295912024,0.49109009054450303,0.4790707629076697,0.4444251969972296,0.3913074455380662,0.5653155572483788,0.49120635505482957,0.34449097949224816,0.5087384647473638,0.38289875517389493,0.43867748543474006,0.5506318635112347,0.39013773307902944
A47,0.49013134905365685,0.3852970813782999,0.4006815099582286,0.5566966986164499,1.0002655874780275,0.3479855211062456,0.3284148952842951,0.501687587474094,0.0,0.44789870190318415,0.45388606057932335,0.40014467873641923,0.46911979545133775,0.494385423580892,0.4589864707051545,0.420481141420167,0.45649533677324794,0.46745735983634096,0.5057350807797654,0.47258058705836925,0.47029245691227706,0.45675113944668033,0.3696327960147573,0.302330356320893,0.5975334395637313,0.46829890736337343,0.41163844842165254,0.44116542204437503,0.40846758803602723,0.9985206910525914,0.45930492139325574,0.4185844668324956,0.5450626598881204,0.5134603814553684,0.4296829302906069,0.6174171967756119,0.43257359531488726,0.47752905143322866,0.6056349276839673,0.43325203639054133,0.3242718559723503,0.4245049957256841,0.4245212702378033,0.4749110828838383,0.34635989981071014,1.0020089421235712,0.4949827132149255,0.48399408467520066,0.4261614156222657,0.3408386545313782,0.6456552501628942,0.4647479037667258,0.4351848831270083,0.48632964354912844,0.4723830858181318,0.4905306218146591,0.4056115107491265,0.40784037505450166
A59,0.5093805222798309,0.4168378259440363,0.5177764458030385,0.4751661671909384,0.9993412049923602,0.5145195316405722,0.5091967378548259,0.5185578651070784,0.44789870190318415,0.0,0.5227009108184613,0.3551998245681367,0.4171709882069158,0.4367137876055103,0.38565940995406023,0.5175257759441398,0.44775354873704165,0.5085572341046425,0.5070048395350961,0.37138900796685503,0.4538457223306518,0.4950333330575728,0.40219225893951116,0.5440197456952074,0.6235394031997582,0.5698349149628057,0.44493368278670675,0.42520205489822116,0.3864070353210035,0.9986188953500642,0.5298371613083859,0.565349634354331,0.4922030613676631,0.5991125941043371,0.5232942339606009,0.49130185147234195,0.4979182170022809,0.5059998659906364,0.47510072674246984,0.5597962606668307,0.5033477796216208,0.557901845922962,0.4596639181216665,0.5222744974510826,0.4689284868640434,1.0025512786153026,0.45601960690722787,0.47581075559971064,0.5079603009955662,0.4364226082238526,0.5885328379312438,0.5702441131542196,0.30345157206302253,0.4198372793546654,0.5116779450091219,0.5392745601630986,0.527994182338299,0.4353613092460201
A75,0.5047594879451616,0.3270456482340598,0.4506823972305558,0.5805428006122084,0.9991931887076643,0.27201848909974014,0.3222414120198084,0.3259301688660483,0.45388606057932335,0.5227009108184613,0.0,0.3948656308503211,0.4521690631016274,0.47471094693767857,0.399617918764945,0.4563894019753014,0.42182539972761135,0.5126004590656448,0.4595365883368222,0.40797737627561015,0.4780819274922917,0.469222982291268,0.4029038045986635,0.44105854262355604,0.5661942500903567,0.3520561879449796,0.29488111878732615,0.3763492470370772,0.34162827327037104,0.9998399065950514,0.3519395745458952,0.48473127640418034,0.4774132978697232,0.506942287665363,0.3607155501263358,0.5869733307326315,0.4890152321226563,0.6007272050884909,0.5851751696041869,0.46740813956311866,0.5507525959285497,0.530953736669806,0.33487574672294806,0.5648332479551796,0.3404906733418205,0.9985648701198603,0.5023438131802553,0.5172067865255028,0.3431750267373106,0.4069861102121314,0.5820091254887533,0.3972963209861823,0.3560453453364376,0.5265897169875874,0.41538363025214686,0.49308388786059343,0.3773881911387199,0.4020528077109784
A98,0.3802959413966567,0.35127524666605014,0.38391224781216093,0.4211678066035275,0.999455008069665,0.48488377142895267,0.3474632642512152,0.43350359459776333,0.40014467873641923,0.3551998245681367,0.3948656308503211,0.0,0.3486471661623347,0.3082779130177913,0.3240195180251739,0.42330519243540266,0.407664861901315,0.5320036397247823,0.3714972863846032,0.37985740487663844,0.2771024065905904,0.3316085722830454,0.29889137685066725,0.38005179560130986,0.47268311614815006,0.33407079658614314,0.4056011464904634,0.26783402659744393,0.3768176816275408,0.9992708035588614,0.3748288205929171,0.41856380622273437,0.35722664853822084,0.437194554012723,0.2946870930507014,0.5035073556134522,0.3985453232261653,0.2818185708247809,0.4359085790194812,0.4282379320302915,0.40796410006429595,0.4369256713600167,0.3541169276726607,0.29789609323187116,0.3794672271165276,1.000140788379116,0.3995534426016649,0.4569305882300968,0.374519284757314,0.37122525339711687,0.4885383898396819,0.4439941964187074,0.32479240240732066,0.4122305762376125,0.3572484657434736,0.30821985875341784,0.39277546542347497,0.3104919915777514
A40,0.4625156046797966,0.4974975523455313,0.3976243574625964,0.3998747128261665,0.9989614123251568,0.5124901261628305,0.4497363473749192,0.42241701706620993,0.46911979545133775,0.4171709882069158,0.4521690631016274,0.3486471661623347,0.0,0.4501570550472689,0.3443105737559815,0.4300339340631304,0.40015938878405466,0.5311266538434114,0.42926720212532243,0.353708856166272,0.4778073651078827,0.44966010289829106,0.468059830445511,0.4714630359650903,0.5112536035041286,0.5057654124240731,0.36262311624339727,0.346556631607592,0.4465677441371171,0.9996782244934023,0.4931361852572702,0.5033732115960906,0.530897210854186,0.5854947812937839,0.41271062970830497,0.5292048548013961,0.46771992328176704,0.543674044850186,0.5158739518355543,0.3657478056360549,0.567509433669384,0.3983142678284405,0.36244956712229126,0.4469265858674252,0.36275165150691,1.0035800954206526,0.34657407412226604,0.36974391594221423,0.5419211732858055,0.42792067686934543,0.489268036159655,0.44450812955314234,0.40279521652436356,0.4204886543351013,0.39556139086654596,0.4803287114782868,0.49981618062507494,0.34897231895133796
A51,0.26206601861896694,0.47770522951045635,0.3938306285838048,0.3789467569471462,0.9983310025948177,0.5353582179316169,0.44413897590570317,0.4524542208014689,0.494385423580892,0.4367137876055103,0.47471094693767857,0.3082779130177913,0.4501570550472689,0.0,0.4845969121909628,0.5202388798826492,0.5311837653653402,0.5447730714451292,0.492368170027362,0.46590537533274323,0.35261984569410476,0.39828035934636985,0.3701905892852736,0.4364750553704161,0.5079521912938494,0.43358197797341846,0.44066946759272396,0.3921781584640679,0.4478174092208351,0.9989705596930323,0.4174060986045117,0.4058701291087521,0.4397932600850085,0.35974004103057966,0.46002892179725563,0.48212882721640393,0.3910670546181131,0.43258255354531827,0.4897301078884526,0.5612494779666162,0.5096551854152089,0.5369325266970952,0.4043089837397761,0.5542234469598295,0.4528899471588341,1.0004257010745896,0.46216570458405015,0.5362631349878312,0.4952490109776869,0.3433434796221825,0.37926861970902714,0.4563585376787722,0.2993895209695068,0.4910251791712723,0.3508942853399004,0.5296632336969835,0.46024572710904355,0.39473045592378
A57,0.5526019273643742,0.3451529280778881,0.3621138386504985,0.3987928398751386,0.9993517311133209,0.48350973297756883,0.4183870314927861,0.46424166495950314,0.4589864707051545,0.38565940995406023,0.399617918764945,0.3240195180251739,0.3443105737559815,0.4845969121909628,0.0,0.425471366996678,0.4424259255577425,0.46423758760891987,0.40627939701536897,0.3182210509807094,0.38940587521905956,0.30485921809482197,0.3665800263325363,0.4974437367161898,0.4568864909571817,0.5117249700501963,0.4373426348671583,0.420778881733037,0.3998396273983017,0.9989938723889223,0.463181061522275,0.5062952887347049,0.43277241420341794,0.5887152402753022,0.3496278505139666,0.5588830471076519,0.43054821021740886,0.4334871940993369,0.44615088846569906,0.5009265618535883,0.38685002140287117,0.55762892673678,0.43117199602873324,0.5079146817312945,0.32149867635036866,1.0028485900648991,0.4761815909210394,0.44794704326304113,0.4471751030149069,0.4540171895769054,0.5494570152359746,0.4983022079209237,0.3789745666883637,0.5243277016535637,0.3536608042855358,0.34035491432209,0.43935329514478016,0.4302877063330093
A2,0.45894264569353094,0.3756680020832328,0.4773435201766081,0.47803435132266625,1.0013173647794007,0.6060553320027762,0.5157791668080478,0.5400821195637594,0.420481141420167,0.5175257759441398,0.4563894019753014,0.42330519243540266,0.4300339340631304,0.5202388798826492,0.425471366996678,0.0,0.43123633666786254,0.5527282113144819,0.3823695416612082,0.36815720862928347,0.411555028141537,0.5031031101776445,0.500920811484022,0.42029871904238225,0.4116530588784273,0.5130718217681933,0.43209546212362426,0.4728886096790108,0.4188662628342894,1.0009528823855094,0.35205344417524354,0.547321314566364,0.34754528483962965,0.5618301702491468,0.43556809904786575,0.6190803891264232,0.4534008533857903,0.5174679472900701,0.6089510846582307,0.4936293461793567,0.31868479199111466,0.43486368060933744,0.4435675993657445,0.45464247871060315,0.4451260511395031,1.0003417987796603,0.5337252311604814,0.528643345593468,0.43569567218752636,0.48614093996019137,0.6053176866203952,0.39046465617264214,0.43938051836153713,0.5394930661433099,0.5067841325259659,0.3646462170612721,0.431726251458168,0.38721060775983007
A28,0.5768847003662383,0.43180871046668845,0.4950134189412323,0.5906044953200238,0.9986225247191853,0.5516007418914886,0.4748990259545234,0.48308440732172575,0.45649533677324794,0.44775354873704165,0.42182539972761135,0.407664861901315,0.40015938878405466,0.5311837653653402,0.4424259255577425,0.43123633666786254,0.0,0.5415607565148886,0.45618464143907844,0.47873999876702356,0.4463276097537894,0.46236329860742076,0.5707441778545268,0.44179537576144445,0.5091194280393669,0.48173905529676975,0.3616564549503307,0.4313690382023163,0.3853801309255399,0.9993524826979608,0.4974528789717242,0.5349930233025115,0.4844672388515191,0.6223017961426738,0.46051450482711564,0.5801776704236289,0.47946575336947517,0.5050812974133227,0.4842042097565964,0.5265080103791786,0.4720253021751847,0.4950358023917599,0.3902241138424638,0.52353140191297,0.5509386871458133,0.9957233731638847,0.5728051190917076,0.4056261937127902,0.42625720888969754,0.4993094031458818,0.6742662947321819,0.5632025774461902,0.47729652697864755,0.5537535133205986,0.47051674757097595,0.4888104310534289,0.48202495198274176,0.4823053316527769
A85,0.4884375612512837,0.5304543191761144,0.5270032202061325,0.4665682481901079,0.9981415457763322,0.5629075700974276,0.41656154451727345,0.4062640336770317,0.46745735983634096,0.5085572341046425,0.5126004590656448,0.5320036397247823,0.5311266538434114,0.5447730714451292,0.46423758760891987,0.5527282113144819,0.5415607565148886,0.0,0.5199943396516767,0.5125066843446981,0.6422593866458584,0.4872122693574591,0.47980486617375295,0.5152623875385989,0.5435082444619996,0.5696111346253558,0.5551142909846115,0.48558663415711534,0.5451982861349527,0.9998889054854377,0.4397332795739143,0.43104438327719974,0.5881753562193641,0.5176929340670574,0.4583438992006291,0.5716371078896519,0.49505851518681054,0.5351074073005048,0.5783909248826882,0.4200186009618493,0.6639594617313036,0.6450710562521014,0.5467576794985216,0.581847065217211,0.4991500055363165,1.001104639487756,0.6195552363589534,0.5236877493012241,0.4559077456574656,0.47597549390731997,0.5786171690324685,0.5257686218203284,0.3914738728857523,0.5505321944814774,0.5188574686656855,0.5508585184978225,0.45961982937139456,0.4300080479645182
A95,0.523692802526486,0.3540088757157269,0.34123463062613013,0.3935163345537376,1.0008709971424956,0.567141192128604,0.38557148746930314,0.43476011087221567,0.5057350807797654,0.5070048395350961,0.4595365883368222,0.3714972863846032,0.42926720212532243,0.492368170027362,0.40627939701536897,0.3823695416612082,0.45618464143907844,0.5199943396516767,0.0,0.3810359701059852,0.4172742454092361,0.4539539570593807,0.4342575379787208,0.4171483609402695,0.4565711472159141,0.33624466545032383,0.4422474239747842,0.22053081599416813,0.46709511523211045,0.9990526823480063,0.3574261572578654,0.5117885385021284,0.403078847320843,0.5358585779341216,0.3709866011153413,0.5639460649582781,0.37061900663718406,0.4721204318154739,0.5782847248615879,0.4299874583481317,0.3776044189356943,0.5550434827864349,0.369510690986112,0.31112571852178916,0.3778041771326982,1.0008822442084517,0.5047108531481482,0.4133780166326342,0.39393752673122295,0.38804903709710625,0.5197381093445216,0.44081277093644955,0.3813359532045618,0.5598129361036449,0.4275062584225535,0.24142349265718444,0.4202575024990399,0.3997880296051267
A7,0.4858047283396135,0.417178829213095,0.48166249473394684,0.4106369217279795,1.001347052641412,0.4965502107519436,0.39352456270214387,0.46045346087787353,0.47258058705836925,0.37138900796685503,0.40797737627561015,0.37985740487663844,0.353708856166272,0.46590537533274323,0.3182210509807094,0.36815720862928347,0.47873999876702356,0.5125066843446981,0.3810359701059852,0.0,0.45277858422359085,0.40413059535898876,0.4158064931102097,0.47833810508001395,0.40312692831465513,0.489061094512246,0.37936023704850474,0.389368954362837,0.4414939065292579,1.0004758548713084,0.3935164730435877,0.5318761475087519,0.3211548305865283,0.585077391117482,0.33771670810879717,0.41394708831505234,0.4675446064505072,0.5101630207777832,0.5589662099278816,0.4800228498742144,0.46944741689580316,0.4759345392624098,0.40559801635334236,0.46637470045242624,0.3743048034751255,1.000830564259979,0.3958219451920595,0.461876633864026,0.4621721690746792,0.4260702657102591,0.44314256517099015,0.3430526959228194,0.3635908958489845,0.44610204316611324,0.39333874547509806,0.42462645838158464,0.49324225820445555,0.4478706375437961
A12,0.42168696338263123,0.4323843498663692,0.4504971052569272,0.514873384689575,1.0028719267759456,0.582605750783941,0.5585533442854591,0.5272040434954613,0.47029245691227706,0.4538457223306518,0.4780819274922917,0.2771024065905904,0.4778073651078827,0.35261984569410476,0.38940587521905956,0.411555028141537,0.4463276097537894,0.6422593866458584,0.4172742454092361,0.45277858422359085,0.0,0.3301669321608741,0.4102688037503869,0.46283298371296544,0.5287315390615643,0.4465985155370825,0.48818921269746873,0.43385996654926917,0.4571943934639371,0.9999673225085586,0.43320199297512973,0.3939780837845219,0.34519750225767276,0.44223642655301376,0.4314739913737081,0.5746372727700079,0.3526777522693635,0.3189531691995827,0.48037032191377815,0.5646125880982216,0.41935664199396716,0.41942955986010333,0.38485992396190016,0.40409106174001863,0.4382762185285647,1.0021193837927478,0.563568547199035,0.49124240087198645,0.4144900252792726,0.4246050023236123,0.5372021670777601,0.5275936343797862,0.42794695083136336,0.5578356194271505,0.5027080890555031,0.3199941789610672,0.4478247045760668,0.44005563484781485
A13,0.48597249455829317,0.46520055248296055,0.40515432539623253,0.4195198969980176,0.9998088574933462,0.5215996159022638,0.4078081456579097,0.4427949383075641,0.45675113944668033,0.4950333330575728,0.469222982291268,0.3316085722830454,0.44966010289829106,0.39828035934636985,0.30485921809482197,0.5031031101776445,0.46236329860742076,0.4872122693574591,0.4539539570593807,0.40413059535898876,0.3301669321608741,0.0,0.4791853886327313,0.41708478289406414,0.3831140444298592,0.4498206218446853,0.442983361198636,0.4630972721368567,0.5296306267538624,0.9983374868974442,0.4106991396948274,0.3415600966835439,0.460213123905578,0.48881371058805223,0.41398447727587806,0.6070139253227471,0.36083499057956425,0.38319024177476935,0.5201939504612987,0.4703108520452042,0.489868090574623,0.3856674310392042,0.4445776398754393,0.45270967214942404,0.46372325437177975,1.0010306260711552,0.5421322949501198,0.4607607910223801,0.4927946210822478,0.40802363532066677,0.5092992703691088,0.48043694570715567,0.3879829348963404,0.5246846305202615,0.35295560541264226,0.4191820620947404,0.45678292669756504,0.406372347301699
A31,0.47280564268558456,0.37107519839743786,0.4070281004238021,0.4940171161716618,1.0003163052030792,0.411494115820191,0.386799530445032,0.5295263207169121,0.3696327960147573,0.40219225893951116,0.4029038045986635,0.29889137685066725,0.468059830445511,0.3701905892852736,0.3665800263325363,0.500920811484022,0.5707441778545268,0.47980486617375295,0.4342575379787208,0.4158064931102097,0.4102688037503869,0.4791853886327313,0.0,0.3766577464929943,0.6441025358198005,0.4146703691209058,0.48737727085236293,0.34920683278221454,0.4497422358310561,0.9995705668907854,0.49601807207553605,0.48812496909814074,0.4612988109778581,0.4887150017913773,0.3528292186606916,0.4428840853739441,0.40639383654196093,0.42161954948317204,0.46537788905447297,0.4072453140046597,0.4797991521668895,0.486480114959731,0.4166057161354437,0.44704418253806877,0.24036442279354775,1.000379534597317,0.48873155298648674,0.5258076500065878,0.45086265913370516,0.35511945816026924,0.5316430379569246,0.3862086140729514,0.30110836361075544,0.44873873249926377,0.41406610016269574,0.37561563489682936,0.29041751019432505,0.329854923838808
A50,0.47445559088122913,0.4095802910120421,0.45446220676374804,0.4696516092464611,0.9987319844472696,0.5134985359987114,0.3455794927430975,0.47531904176492834,0.302330356320893,0.5440197456952074,0.44105854262355604,0.38005179560130986,0.4714630359650903,0.4364750553704161,0.4974437367161898,0.42029871904238225,0.44179537576144445,0.5152623875385989,0.4171483609402695,0.47833810508001395,0.46283298371296544,0.41708478289406414,0.3766577464929943,0.0,0.5582871208935507,0.42072746634791014,0.38895381972790033,0.3983310833841689,0.46704663160263094,0.9979239216906249,0.423667733600503,0.4508208786882655,0.48216742800733947,0.49806891393618724,0.3953774876195584,0.5758935715580513,0.29421140207256513,0.46166484255342743,0.7202840142298781,0.4447160987310512,0.3386305297785268,0.3011807596546271,0.37156457375122187,0.43442008505351015,0.3846783911854089,0.996699075999674,0.5157254082351705,0.5843734605431068,0.40038342459325316,0.3765084044391992,0.5975313900196949,0.423961840643007,0.3909483827296568,0.5114001731311455,0.3902239725294021,0.4445490511866156,0.4827194067814986,0.33916794504912096
A53,0.42901436729727305,0.5867147892961357,0.5680972656031722,0.43801423634779524,0.998694211747381,0.728348247035101,0.5504247331622494,0.5996914957637994,0.5975334395637313,0.6235394031997582,0.5661942500903567,0.47268311614815006,0.5112536035041286,0.5079521912938494,0.4568864909571817,0.4116530588784273,0.5091194280393669,0.5435082444619996,0.4565711472159141,0.40312692831465513,0.5287315390615643,0.3831140444298592,0.6441025358198005,0.5582871208935507,0.0,0.5270628354801068,0.5619382453616886,0.49733533765978444,0.5623325012241748,1.0001885146303704,0.4502349805223266,0.5297365264528747,0.3719589028233866,0.6532054705555408,0.5625715224127905,0.5988191766449737,0.5630062114044121,0.5767361249727153,0.5531434378878948,0.47117319575486216,0.5077441531213577,0.5314428341060036,0.44763584515350097,0.47193998635089873,0.5653928569573096,1.0015856993816077,0.5825394489903907,0.5266136112489685,0.5277064694919,0.6298540228939251,0.5302145001660636,0.531641259754694,0.5739474247912586,0.5268083639040816,0.42648963536770657,0.4880058095565041,0.6408595562893894,0.6408289115252356
A96,0.49820483159931916,0.36924795346676875,0.3340784846125042,0.5548321101765434,0.9988387000553374,0.5109990475239573,0.31505094456564553,0.5003469753042034,0.46829890736337343,0.5698349149628057,0.3520561879449796,0.33407079658614314,0.5057654124240731,0.43358197797341846,0.5117249700501963,0.5130718217681933,0.48173905529676975,0.5696111346253558,0.33624466545032383,0.489061094512246,0.4465985155370825,0.4498206218446853,0.4146703691209058,0.42072746634791014,0.5270628354801068,0.0,0.4306664981684887,0.3092577418927337,0.41237294993223195,1.0004482664133139,0.40353162534378917,0.448682271303942,0.38446737500176187,0.5988546057040574,0.29073448064471485,0.5023059000674237,0.4502130573651464,0.5299143384491347,0.5465080121605631,0.4607213109546473,0.4667031229702626,0.5447534215485967,0.27695754028005304,0.3519640052973271,0.4721549564301295,0.9989655309183736,0.5564825921356371,0.539592252172314,0.3528588604262616,0.45039755185257213,0.5271160827287711,0.4479893994070304,0.4075511224019742,0.5694318024966134,0.4095611485088513,0.45100966459311453,0.3959826688669644,0.4538296554601259
A22,0.5130733347968846,0.46734757591239795,0.4918919243588371,0.40518651890075974,1.000024684092827,0.36585420030200266,0.3241291105825469,0.3344095138554507,0.41163844842165254,0.44493368278670675,0.29488111878732615,0.4056011464904634,0.36262311624339727,0.44066946759272396,0.4373426348671583,0.43209546212362426,0.3616564549503307,0.5551142909846115,0.4422474239747842,0.37936023704850474,0.48818921269746873,0.442983361198636,0.48737727085236293,0.38895381972790033,0.5619382453616886,0.4306664981684887,0.0,0.3851779194837541,0.3528844318450044,1.0013368101888152,0.3352265588425235,0.502714255105595,0.37901317948337143,0.5695144641213079,0.44438172952687105,0.5302607002495054,0.36563685990060846,0.6110892936638532,0.5853391650949881,0.4975744057424676,0.44092407751797713,0.45178265088065594,0.38849511064004527,0.48933738586073616,0.41337520451993637,0.9979157695992582,0.45964541689918936,0.5180782064864857,0.403814825265674,0.36626487400239227,0.5963378451097019,0.4596393045943552,0.3696407345654532,0.4281664720131635,0.4231356806595874,0.5037943658698978,0.4832927761441962,0.433994000365415
A44,0.4814852076555892,0.3742043060630055,0.3921445521260142,0.40630159850794134,1.0019603029011528,0.49926835488157895,0.3520962006557895,0.4458891692295188,0.44116542204437503,0.42520205489822116,0.3763492470370772,0.26783402659744393,0.346556631607592,0.3921781584640679,0.420778881733037,0.4728886096790108,0.4313690382023163,0.48558663415711534,0.22053081599416813,0.389368954362837,0.43385996654926917,0.4630972721368567,0.34920683278221454,0.3983310833841689,0.49733533765978444,0.3092577418927337,0.3851779194837541,0.0,0.37796608589745717,0.9980936329957124,0.40844287171689087,0.4651496220296074,0.4652468646171908,0.47461317275595205,0.3235278077932997,0.4371109213353951,0.3301787899897155,0.4255052917278327,0.49431859335285,0.3470843921228244,0.47683834877613285,0.4836144872086189,0.29873116823999835,0.2992734400133843,0.3465103543480895,1.001217947032723,0.38302648968612996,0.37995648834488294,0.32297367023302803,0.3270697395727795,0.48823117948581096,0.44276929034409584,0.3129394992121173,0.5160903631425091,0.40764318117477083,0.3437515575944854,0.40321373023137286,0.34527726452743457
A46,0.545260140246407,0.32847783724408286,0.4202042516789639,0.5702459250119251,1.0007430056076274,0.4211895817920067,0.4189161168213785,0.4471603519587857,0.40846758803602723,0.3864070353210035,0.34162827327037104,0.3768176816275408,0.4465677441371171,0.4478174092208351,0.3998396273983017,0.4188662628342894,0.3853801309255399,0.5451982861349527,0.46709511523211045,0.4414939065292579,0.4571943934639371,0.5296306267538624,0.4497422358310561,0.46704663160263094,0.5623325012241748,0.41237294993223195,0.3528844318450044,0.37796608589745717,0.0,1.0033713304001561,0.39320062286291735,0.5256901600437671,0.4291692734840573,0.5153737163514812,0.34603638902554334,0.46863751397907794,0.5090039603617627,0.4850713420078574,0.3969956768990629,0.5269755141624981,0.4372666251746933,0.547287759025999,0.34870955847028373,0.5196976349157727,0.4556887149475335,0.9970068948314618,0.5016228215673398,0.4236306815396307,0.25641504274576055,0.49174299667901555,0.606625676942627,0.5425582942578377,0.4032557686041218,0.5118695314387832,0.44282820711636905,0.4716190763587297,0.46182869767657386,0.4036309011024526
A64,0.9991693916506111,1.0000305789418,1.0017087911686506,0.9992915548997252,1.000015382028409,0.9991707275428466,1.0008798830075931,1.00021272276681,0.9985206910525914,0.9986188953500642,0.9998399065950514,0.9992708035588614,0.9996782244934023,0.9989705596930323,0.9989938723889223,1.0009528823855094,0.9993524826979608,0.9998889054854377,0.9990526823480063,1.0004758548713084,0.9999673225085586,0.9983374868974442,0.9995705668907854,0.9979239216906249,1.0001885146303704,1.0004482664133139,1.0013368101888152,0.9980936329957124,1.0033713304001561,0.0,1.0021696630190207,1.000784911648873,1.0018630846487326,0.9993564404644338,1.0016774570200135,1.0002489213114345,0.997030240360339,0.998753086067061,1.0028012042446874,0.9993443299776935,0.9979518465016194,1.0017906657975744,0.9991416108275795,0.9990823407607199,0.9989327019507482,1.000009177932579,1.0001571498700497,1.0006967109964193,0.9989964791250302,0.9986055785890242,0.9996948939060977,1.001003237938173,0.9999065274458195,1.0004109926176565,0.9993854195838022,0.9991725504270972,0.9993913387929243,1.0009793881398925
A99,0.44639051158800147,0.41301335090635094,0.4652126971104297,0.42173475073722644,1.001526552409486,0.4724044957869763,0.4001858891705158,0.33209994669999,0.45930492139325574,0.5298371613083859,0.3519395745458952,0.3748288205929171,0.4931361852572702,0.4174060986045117,0.463181061522275,0.35205344417524354,0.4974528789717242,0.4397332795739143,0.3574261572578654,0.3935164730435877,0.43320199297512973,0.4106991396948274,0.49601807207553605,0.423667733600503,0.4502349805223266,0.40353162534378917,0.3352265588425235,0.40844287171689087,0.39320062286291735,1.0021696630190207,0.0,0.4496789095755792,0.2970478585930538,0.48815199743936355,0.39447702415587715,0.6217457986970539,0.41380539786823023,0.48146637197670106,0.6195552801492994,0.5130436203939897,0.47925147217981,0.5643993888689989,0.36462980943452394,0.5041515026922889,0.4804008246963607,0.9988558620733579,0.5743791091726193,0.5040439002284227,0.3639962211079816,0.37559971076425047,0.5072400227638232,0.3604779114862219,0.34657884040347176,0.5489926260853857,0.46463015592967505,0.4085536522399066,0.4352106272442182,0.39814122020333154
A17,0.4256509034674192,0.4869506338317603,0.42401347451415283,0.47789162241192706,0.9996236415505708,0.4789594190883777,0.39327021096291315,0.42673892208013486,0.4185844668324956,0.565349634354331,0.48473127640418034,0.41856380622273437,0.5033732115960906,0.4058701291087521,0.5062952887347049,0.547321314566364,0.5349930233025115,0.43104438327719974,0.5117885385021284,0.5318761475087519,0.3939780837845219,0.3415600966835439,0.48812496909814074,0.4508208786882655,0.5297365264528747,0.448682271303942,0.502714255105595,0.4651496220296074,0.5256901600437671,1.000784911648873,0.4496789095755792,0.0,0.5411033034856813,0.3228907696124963,0.42515948502730583,0.6451300399021621,0.38978062123610124,0.44566359049540305,0.43288139287566507,0.5164926067181584,0.601437371797735,0.45618527747875104,0.4316095159796335,0.41831556513563994,0.5330912915813084,0.9995869498103005,0.5114042645796519,0.48263276342564665,0.5377716778875468,0.34552984230643347,0.5606228969644143,0.48390662440640764,0.3718991220372083,0.41262405484890896,0.45464404324178975,0.5165791776268303,0.49036375439498625,0.37506868342815136
A21,0.4340355086426594,0.48459673545036186,0.5400701073444641,0.43410891404881147,1.0021206710816832,0.5675701341296514,0.48460355241251185,0.5736122542475626,0.5450626598881204,0.4922030613676631,0.4774132978697232,0.35722664853822084,0.530897210854186,0.4397932600850085,0.43277241420341794,0.34754528483962965,0.4844672388515191,0.5881753562193641,0.403078847320843,0.3211548305865283,0.34519750225767276,0.460213123905578,0.4612988109778581,0.48216742800733947,0.3719589028233866,0.38446737500176187,0.37901317948337143,0.4652468646171908,0.4291692734840573,1.0018630846487326,0.2970478585930538,0.5411033034856813,0.0,0.6639824757494432,0.44682939306228364,0.45684605099332987,0.4373162330118857,0.4423527895718401,0.5261901833198052,0.5545469616032018,0.4135500385112093,0.5718978879716127,0.36240178895533814,0.4270822989925287,0.5419304132941715,1.0008605144934422,0.6065801010692309,0.5569103475262058,0.39510487284147133,0.5088836698601541,0.5238263137259804,0.4350521812595167,0.44269036266561634,0.5077547476113392,0.5178772231639155,0.4273348325898685,0.5399087052366278,0.503030461621306
A41,0.38565802675260563,0.4662874510565499,0.44941086708157796,0.47711523261366373,0.9982335352844974,0.588758601995311,0.5002165682179238,0.4080260005344165,0.5134603814553684,0.5991125941043371,0.506942287665363,0.437194554012723,0.5854947812937839,0.35974004103057966,0.5887152402753022,0.5618301702491468,0.6223017961426738,0.5176929340670574,0.5358585779341216,0.585077391117482,0.44223642655301376,0.48881371058805223,0.4887150017913773,0.49806891393618724,0.6532054705555408,0.5988546057040574,0.5695144641213079,0.47461317275595205,0.5153737163514812,0.9993564404644338,0.48815199743936355,0.3228907696124963,0.6639824757494432,0.0,0.4951428081031839,0.5973072485466664,0.42809928188094093,0.4594944034968833,0.5519309621841588,0.5488565447281755,0.6188013255869407,0.5238140687205979,0.5444930035093016,0.5494451006716052,0.5236638315663827,1.0007391986059366,0.5497946078967753,0.5103440446790619,0.5000764563695098,0.35015428264533666,0.4535162675854769,0.5511496560584549,0.4159177473371497,0.50836948536061,0.5247111327616958,0.5005832447591936,0.509983769279771,0.38504520023631883
A72,0.518731312018402,0.35225590067824286,0.36252083312825223,0.5633298242565599,1.0001037527285972,0.45584937986683727,0.3242114887237255,0.45735078209964963,0.4296829302906069,0.5232942339606009,0.3607155501263358,0.2946870930507014,0.41271062970830497,0.46002892179725563,0.3496278505139666,0.43556809904786575,0.46051450482711564,0.4583438992006291,0.3709866011153413,0.33771670810879717,0.4314739913737081,0.41398447727587806,0.3528292186606916,0.3953774876195584,0.5625715224127905,0.29073448064471485,0.44438172952687105,0.3235278077932997,0.34603638902554334,1.0016774570200135,0.39447702415587715,0.42515948502730583,0.44682939306228364,0.4951428081031839,0.0,0.49285666781133763,0.47398710470382854,0.3811304545804428,0.5146447647241066,0.4546055618532018,0.47357221746987777,0.5159753038036841,0.3268495350967884,0.45234061091427624,0.40183932983452786,1.0001398087820248,0.47504286658866324,0.5075520420236087,0.34067472585809766,0.4285772462970453,0.5176180454699598,0.36546688595864285,0.4094140649638536,0.542211629936133,0.36975511331207656,0.3656130453285865,0.3400005552123371,0.37420975296300374
A88,0.5679219693173039,0.5105969941449958,0.565295217578837,0.5466331721801458,0.9988324219415259,0.6523064976888875,0.539913148287934,0.5887189555062984,0.6174171967756119,0.49130185147234195,0.5869733307326315,0.5035073556134522,0.5292048548013961,0.48212882721640393,0.5588830471076519,0.6190803891264232,0.5801776704236289,0.5716371078896519,0.5639460649582781,0.41394708831505234,0.5746372727700079,0.6070139253227471,0.4428840853739441,0.5758935715580513,0.5988191766449737,0.5023059000674237,0.5302607002495054,0.4371109213353951,0.46863751397907794,1.0002489213114345,0.6217457986970539,0.6451300399021621,0.45684605099332987,0.5973072485466664,0.49285666781133763,0.0,0.5091587303491626,0.525310550108091,0.5486874206873456,0.4537340474198479,0.5966743767194982,0.5941007709165764,0.49720049212479767,0.5530117509561676,0.4976593796006047,0.9972858443963317,0.5498603109285711,0.6330095985403477,0.43734310881118055,0.5508505321194126,0.46126707353553054,0.5079615016149662,0.5106891799373179,0.5682643051123326,0.47886187351135345,0.5478624376099999,0.6027974720815956,0.5973655223542416
